age,job,marital,education,default,balance,housing,loan,contact,day,month,duration,campaign,pdays,previous,poutcome,deposit
47,technician,married,tertiary,no,545,yes,no,cellular,12,aug,588,3,-1,0,unknown,no
51,blue-collar,married,primary,no,4497,yes,no,unknown,15,may,276,3,-1,0,unknown,no
60,self-employed,married,tertiary,no,10861,no,no,cellular,9,nov,98,1,91,2,failure,yes
32,services,married,secondary,no,1129,yes,no,cellular,15,apr,903,2,341,2,failure,yes
30,management,single,tertiary,no,5359,no,no,cellular,26,feb,427,1,191,3,success,yes
36,technician,single,secondary,yes,0,no,yes,cellular,26,aug,109,14,-1,0,unknown,no
43,admin.,divorced,secondary,no,729,yes,no,unknown,30,may,668,2,-1,0,unknown,no
55,management,single,tertiary,no,1498,no,no,cellular,25,aug,340,5,-1,0,unknown,no
31,blue-collar,single,unknown,yes,17,yes,no,cellular,6,may,72,1,-1,0,unknown,no
46,admin.,married,secondary,no,3098,yes,no,telephone,21,nov,192,9,-1,0,unknown,no
43,housemaid,married,primary,no,0,yes,no,cellular,25,aug,152,3,-1,0,unknown,no
39,unemployed,divorced,secondary,no,265,yes,no,unknown,27,may,93,1,555,2,other,yes
33,management,single,unknown,no,1534,yes,no,cellular,11,jul,1041,2,-1,0,unknown,yes
32,technician,married,tertiary,no,15,no,no,cellular,14,may,226,1,346,1,failure,no
33,technician,married,secondary,no,399,yes,no,cellular,7,may,143,1,-1,0,unknown,no
35,self-employed,married,secondary,no,598,yes,no,cellular,20,apr,245,1,-1,0,unknown,no
29,blue-collar,divorced,secondary,no,-19,yes,no,cellular,20,apr,712,4,-1,0,unknown,yes
24,management,married,unknown,no,448,no,no,cellular,14,apr,324,1,-1,0,unknown,yes
24,admin.,single,secondary,no,1295,no,no,cellular,21,apr,476,1,-1,0,unknown,yes
20,blue-collar,single,secondary,no,423,yes,no,cellular,16,apr,498,1,-1,0,unknown,yes
29,services,single,secondary,no,-271,yes,no,unknown,4,jun,578,1,-1,0,unknown,yes
44,management,married,tertiary,no,445,no,yes,telephone,6,feb,135,2,9,7,other,no
44,technician,married,secondary,no,5163,no,no,cellular,11,aug,48,2,-1,0,unknown,no
36,admin.,married,secondary,no,1207,yes,no,cellular,19,nov,1792,2,-1,0,unknown,yes
33,technician,single,secondary,no,161,no,no,cellular,25,aug,66,9,-1,0,unknown,no
54,technician,married,secondary,no,10185,no,no,cellular,10,aug,559,1,70,2,other,yes
36,self-employed,married,tertiary,no,506,no,no,cellular,3,nov,217,1,70,2,failure,yes
37,entrepreneur,single,secondary,no,-22,yes,no,cellular,15,may,317,1,-1,0,unknown,yes
45,management,married,tertiary,no,786,no,no,cellular,10,sep,84,3,-1,0,unknown,yes
43,management,married,tertiary,no,0,yes,no,cellular,5,feb,280,2,-1,0,unknown,no
49,services,married,secondary,no,1377,yes,no,unknown,7,may,1101,1,-1,0,unknown,no
46,self-employed,married,tertiary,no,137,yes,yes,unknown,5,may,246,1,-1,0,unknown,no
47,services,married,secondary,no,2597,yes,no,unknown,16,may,323,1,-1,0,unknown,no
40,admin.,married,secondary,no,0,yes,no,cellular,3,feb,561,1,201,1,failure,no
48,management,married,secondary,no,0,yes,no,telephone,23,jul,90,2,-1,0,unknown,no
55,management,married,unknown,no,179,no,no,unknown,19,jun,97,1,-1,0,unknown,no
22,student,single,secondary,no,1522,no,no,cellular,30,oct,368,2,-1,0,unknown,yes
37,management,single,tertiary,no,72,yes,yes,cellular,20,apr,885,5,150,7,failure,yes
30,unemployed,married,secondary,no,221,no,no,cellular,8,aug,61,4,-1,0,unknown,no
34,management,married,tertiary,no,297,yes,no,cellular,26,aug,63,4,-1,0,unknown,no
57,technician,married,tertiary,no,-1,no,no,unknown,14,may,850,2,-1,0,unknown,yes
41,blue-collar,married,primary,no,143,yes,yes,unknown,2,jun,659,2,-1,0,unknown,yes
60,technician,married,secondary,no,0,no,no,cellular,25,may,641,4,-1,0,unknown,yes
33,technician,single,secondary,no,3499,yes,no,cellular,11,may,143,3,356,1,other,no
26,technician,single,secondary,no,3244,no,no,cellular,2,feb,141,1,5,1,failure,no
37,technician,married,tertiary,no,88,no,no,cellular,6,may,195,1,90,3,other,yes
30,services,single,secondary,no,495,yes,no,cellular,21,nov,641,1,-1,0,unknown,yes
33,management,single,tertiary,no,1120,no,no,cellular,11,aug,1070,2,-1,0,unknown,yes
56,technician,divorced,secondary,no,146,yes,no,cellular,5,aug,419,3,-1,0,unknown,yes
51,technician,married,secondary,no,100,no,no,cellular,2,feb,467,2,-1,0,unknown,yes
39,technician,single,secondary,no,201,no,yes,unknown,6,jun,148,4,-1,0,unknown,no
76,retired,divorced,primary,no,802,no,no,cellular,9,sep,475,5,-1,0,unknown,yes
34,admin.,divorced,secondary,no,67,yes,no,unknown,6,may,90,1,-1,0,unknown,no
52,blue-collar,married,primary,no,1524,no,no,cellular,3,jul,1007,6,-1,0,unknown,yes
31,admin.,single,secondary,no,410,no,no,cellular,25,oct,182,1,185,1,success,yes
27,self-employed,single,tertiary,no,168,no,no,cellular,12,nov,123,1,196,1,success,yes
30,blue-collar,married,primary,no,5956,yes,yes,cellular,20,nov,405,1,139,1,failure,no
58,unemployed,married,secondary,no,18,no,no,cellular,31,jul,70,1,-1,0,unknown,no
52,self-employed,married,tertiary,no,6657,no,no,telephone,30,apr,917,1,-1,0,unknown,yes
34,services,married,secondary,no,1337,no,no,cellular,30,apr,442,1,-1,0,unknown,yes
43,unknown,married,primary,no,0,yes,no,cellular,9,jul,132,1,-1,0,unknown,no
43,blue-collar,single,primary,no,-399,no,yes,cellular,28,jul,662,3,-1,0,unknown,yes
29,blue-collar,married,secondary,no,0,yes,no,cellular,11,may,116,6,-1,0,unknown,no
31,services,married,secondary,no,1783,yes,yes,cellular,6,may,219,1,-1,0,unknown,no
48,technician,divorced,secondary,no,-154,no,no,unknown,3,jun,342,3,-1,0,unknown,no
56,admin.,married,secondary,no,510,yes,no,cellular,10,jul,288,1,-1,0,unknown,no
31,admin.,married,secondary,no,97,yes,no,unknown,19,may,607,1,-1,0,unknown,yes
30,self-employed,married,tertiary,no,543,yes,yes,unknown,4,jun,1449,6,-1,0,unknown,yes
46,admin.,divorced,primary,no,429,yes,no,cellular,26,apr,465,2,369,2,success,yes
29,blue-collar,single,secondary,no,348,yes,no,unknown,9,may,185,2,-1,0,unknown,no
59,blue-collar,married,primary,no,625,no,no,cellular,9,jul,133,1,-1,0,unknown,no
55,housemaid,married,unknown,no,366,no,no,cellular,5,jun,365,3,57,2,other,yes
35,self-employed,single,secondary,no,951,yes,no,cellular,19,nov,220,2,-1,0,unknown,no
32,technician,married,secondary,no,255,no,yes,cellular,25,aug,63,5,-1,0,unknown,no
52,technician,married,secondary,no,371,yes,yes,cellular,21,apr,224,2,182,1,success,yes
32,self-employed,married,secondary,no,409,no,no,cellular,9,mar,217,2,-1,0,unknown,yes
30,management,single,tertiary,no,6392,yes,no,cellular,5,may,335,1,-1,0,unknown,no
54,blue-collar,married,primary,no,244,yes,no,cellular,29,jul,337,2,-1,0,unknown,no
27,services,single,secondary,no,195,yes,no,cellular,25,feb,416,3,-1,0,unknown,yes
41,admin.,married,secondary,no,0,no,no,unknown,20,jun,89,1,-1,0,unknown,no
37,entrepreneur,married,tertiary,no,342,yes,no,unknown,6,jun,212,1,-1,0,unknown,no
44,blue-collar,single,secondary,no,292,no,yes,cellular,17,jul,1153,4,-1,0,unknown,yes
28,blue-collar,single,tertiary,no,4099,no,no,cellular,23,apr,116,4,-1,0,unknown,yes
46,blue-collar,married,primary,no,369,yes,no,unknown,13,may,916,2,-1,0,unknown,yes
49,management,married,tertiary,no,395,no,no,cellular,10,dec,336,5,-1,0,unknown,yes
29,technician,single,secondary,no,6,no,no,cellular,25,may,315,1,-1,0,unknown,yes
27,management,single,tertiary,yes,-713,yes,no,unknown,4,jun,525,2,-1,0,unknown,yes
38,management,single,tertiary,no,633,no,no,cellular,9,jul,171,3,-1,0,unknown,no
38,technician,married,secondary,no,20,no,no,cellular,2,feb,147,1,-1,0,unknown,no
32,services,single,secondary,no,6983,no,no,cellular,7,aug,255,1,-1,0,unknown,yes
41,management,married,tertiary,no,2781,yes,no,cellular,12,aug,95,2,-1,0,unknown,no
27,management,single,tertiary,no,1720,no,no,cellular,3,nov,284,2,273,1,failure,yes
39,blue-collar,single,primary,no,581,yes,no,cellular,27,feb,233,1,270,1,other,yes
56,blue-collar,married,secondary,no,771,yes,yes,unknown,19,jun,254,1,-1,0,unknown,no
22,student,single,secondary,no,144,no,no,cellular,21,aug,116,1,-1,0,unknown,yes
34,management,single,tertiary,no,29,yes,no,cellular,13,may,248,2,-1,0,unknown,no
27,student,single,tertiary,no,5291,no,no,cellular,11,feb,293,1,91,4,success,yes
40,technician,divorced,secondary,no,0,no,no,cellular,7,aug,674,2,-1,0,unknown,yes
51,admin.,divorced,secondary,no,-338,yes,no,cellular,29,jul,97,2,-1,0,unknown,no
68,retired,married,secondary,no,1146,no,no,cellular,3,mar,153,2,110,3,success,yes
23,blue-collar,married,primary,no,-213,no,no,unknown,13,may,165,2,-1,0,unknown,no
51,entrepreneur,married,primary,no,805,yes,no,cellular,8,aug,132,4,-1,0,unknown,no
34,admin.,married,tertiary,no,69,no,yes,cellular,3,aug,263,3,251,3,success,yes
28,management,single,secondary,no,703,yes,no,cellular,15,may,485,1,88,1,other,yes
27,blue-collar,single,secondary,no,317,yes,no,unknown,20,may,16,10,-1,0,unknown,no
28,self-employed,single,tertiary,no,160,no,no,unknown,11,nov,158,1,-1,0,unknown,yes
50,entrepreneur,married,tertiary,no,230,no,no,telephone,30,jul,1089,4,-1,0,unknown,yes
47,management,married,tertiary,no,288,no,no,cellular,31,mar,193,1,181,1,success,yes
33,admin.,married,secondary,no,920,no,no,cellular,16,nov,130,1,95,2,failure,yes
31,unemployed,divorced,tertiary,no,756,no,no,cellular,20,jul,355,2,-1,0,unknown,yes
31,technician,married,secondary,no,0,yes,yes,cellular,28,jan,71,1,223,9,other,no
26,management,single,tertiary,no,194,no,no,cellular,22,apr,407,2,-1,0,unknown,yes
63,retired,divorced,secondary,no,1490,no,no,cellular,8,jun,506,1,-1,0,unknown,yes
20,blue-collar,single,secondary,no,76,yes,no,cellular,18,may,639,2,-1,0,unknown,yes
53,management,married,tertiary,no,34230,yes,yes,cellular,7,may,279,1,358,9,other,no
34,services,married,secondary,no,244,no,no,cellular,4,feb,696,2,-1,0,unknown,no
35,unknown,married,primary,no,634,no,no,cellular,7,jul,185,2,-1,0,unknown,no
29,technician,married,secondary,no,-910,yes,no,cellular,21,jul,260,1,-1,0,unknown,no
26,technician,single,secondary,no,0,no,yes,cellular,30,jul,65,26,-1,0,unknown,no
41,services,married,secondary,no,471,yes,no,cellular,13,may,954,2,293,4,success,yes
44,management,married,tertiary,no,0,yes,no,cellular,31,jul,49,5,-1,0,unknown,no
43,management,married,tertiary,no,1336,yes,yes,cellular,27,may,82,2,309,1,failure,no
26,student,single,unknown,no,198,no,no,cellular,5,feb,161,1,-1,0,unknown,no
41,management,married,tertiary,no,9,yes,no,cellular,22,jul,82,3,-1,0,unknown,no
31,blue-collar,divorced,primary,no,158,yes,no,unknown,28,may,157,1,-1,0,unknown,no
31,blue-collar,married,primary,no,196,no,no,cellular,7,aug,248,1,-1,0,unknown,no
41,self-employed,married,tertiary,no,0,yes,no,telephone,29,apr,395,3,426,1,other,yes
31,management,single,tertiary,no,0,no,no,cellular,25,aug,101,6,-1,0,unknown,no
38,admin.,married,tertiary,no,1988,no,no,cellular,2,jun,103,1,67,4,success,yes
48,self-employed,married,tertiary,no,7,yes,no,unknown,5,may,286,1,-1,0,unknown,no
59,management,married,tertiary,no,2239,no,no,cellular,20,aug,377,6,90,1,success,yes
23,services,single,secondary,no,665,yes,no,unknown,28,may,1183,1,-1,0,unknown,yes
32,technician,single,tertiary,no,-770,yes,no,cellular,18,may,618,1,-1,0,unknown,yes
37,management,single,tertiary,no,1027,yes,no,cellular,1,oct,137,1,119,1,failure,yes
33,admin.,married,secondary,no,17,yes,no,cellular,13,may,74,1,351,1,failure,no
30,blue-collar,married,secondary,no,128,yes,no,unknown,14,may,273,1,-1,0,unknown,no
32,blue-collar,single,secondary,no,138,yes,no,cellular,15,may,215,2,-1,0,unknown,no
31,blue-collar,single,secondary,no,196,yes,no,cellular,5,may,568,1,341,7,failure,yes
38,entrepreneur,married,primary,no,350,yes,no,cellular,8,may,75,1,-1,0,unknown,no
46,self-employed,married,tertiary,no,-80,yes,no,unknown,12,may,112,2,-1,0,unknown,no
38,student,single,tertiary,no,3316,no,no,unknown,17,jun,1345,3,-1,0,unknown,yes
84,retired,married,secondary,no,81204,no,no,telephone,28,dec,679,1,313,2,other,yes
41,blue-collar,married,secondary,no,849,yes,yes,cellular,12,may,100,4,-1,0,unknown,no
40,retired,single,secondary,no,1400,no,no,unknown,20,jun,20,7,-1,0,unknown,no
41,blue-collar,married,primary,no,246,no,no,unknown,19,jun,683,3,-1,0,unknown,yes
34,technician,married,secondary,no,-25,no,no,cellular,15,may,207,1,-1,0,unknown,no
55,management,married,tertiary,no,1161,yes,no,cellular,20,nov,8,6,-1,0,unknown,no
34,blue-collar,married,secondary,no,1454,yes,no,cellular,11,feb,231,2,297,2,failure,yes
29,admin.,single,secondary,no,265,yes,no,cellular,25,nov,414,1,184,1,failure,yes
37,unemployed,single,tertiary,no,1316,yes,no,cellular,10,mar,350,2,112,3,failure,yes
50,admin.,married,secondary,no,706,yes,no,cellular,6,aug,1250,4,-1,0,unknown,yes
59,entrepreneur,married,secondary,no,496,no,no,cellular,22,oct,738,3,183,1,success,yes
34,technician,married,secondary,no,1246,no,no,unknown,28,may,88,3,-1,0,unknown,no
32,technician,single,tertiary,no,550,no,no,cellular,19,nov,337,1,-1,0,unknown,yes
37,blue-collar,married,secondary,no,-67,no,no,cellular,2,feb,157,1,-1,0,unknown,no
40,management,married,tertiary,no,1308,no,no,telephone,3,feb,1776,2,-1,0,unknown,yes
25,student,single,secondary,no,3090,no,no,cellular,21,aug,139,1,-1,0,unknown,no
37,admin.,single,tertiary,no,1000,yes,no,cellular,17,mar,195,1,-1,0,unknown,yes
44,blue-collar,divorced,secondary,no,579,yes,no,unknown,6,may,198,2,-1,0,unknown,no
28,management,single,tertiary,no,5474,no,no,cellular,28,jul,486,5,-1,0,unknown,yes
53,blue-collar,married,primary,no,2295,no,no,cellular,21,aug,65,10,-1,0,unknown,no
32,management,single,tertiary,no,41,no,no,cellular,21,aug,686,5,-1,0,unknown,yes
37,unemployed,married,secondary,no,80,no,no,cellular,3,feb,248,2,-1,0,unknown,no
25,technician,single,tertiary,no,148,no,no,cellular,23,jul,421,1,-1,0,unknown,no
53,technician,divorced,secondary,no,751,yes,no,unknown,16,may,343,4,-1,0,unknown,no
61,management,married,tertiary,no,267,no,no,cellular,20,apr,190,1,-1,0,unknown,yes
22,student,single,secondary,no,64,no,no,cellular,4,jun,112,1,-1,0,unknown,no
31,technician,married,tertiary,no,0,yes,yes,unknown,13,may,164,2,-1,0,unknown,no
51,technician,divorced,secondary,no,2323,yes,yes,cellular,18,aug,151,10,-1,0,unknown,no
46,blue-collar,married,primary,no,7934,yes,no,unknown,19,may,123,1,-1,0,unknown,no
47,unemployed,divorced,secondary,no,947,no,no,cellular,5,feb,124,2,-1,0,unknown,no
37,admin.,single,tertiary,no,1000,yes,no,cellular,22,sep,239,1,99,2,success,yes
60,retired,married,secondary,no,194,no,yes,cellular,30,jul,61,5,-1,0,unknown,no
29,management,single,tertiary,no,0,yes,no,cellular,13,may,155,1,351,1,failure,no
33,management,married,tertiary,no,0,yes,no,cellular,9,mar,305,1,326,1,success,yes
19,student,single,unknown,no,108,no,no,cellular,9,mar,273,2,182,1,success,yes
46,admin.,married,secondary,no,186,yes,no,cellular,11,may,643,2,-1,0,unknown,no
30,blue-collar,married,secondary,no,246,yes,no,cellular,18,nov,166,2,113,5,failure,no
58,entrepreneur,married,secondary,no,2,no,no,unknown,16,jun,684,1,-1,0,unknown,no
46,blue-collar,married,primary,no,-29,yes,no,unknown,12,may,322,1,-1,0,unknown,no
34,blue-collar,single,secondary,no,1759,no,yes,cellular,25,jul,695,1,-1,0,unknown,yes
33,management,single,tertiary,no,0,no,no,cellular,27,aug,191,4,-1,0,unknown,no
57,management,married,tertiary,no,5,yes,no,cellular,8,jul,96,1,-1,0,unknown,no
24,self-employed,single,tertiary,no,2984,yes,no,unknown,27,may,935,1,-1,0,unknown,yes
30,technician,married,tertiary,no,526,yes,yes,unknown,26,jun,677,3,-1,0,unknown,yes
51,technician,single,tertiary,no,11222,yes,no,cellular,21,nov,126,2,171,7,failure,no
30,admin.,divorced,secondary,no,10,yes,no,cellular,18,jul,658,2,-1,0,unknown,yes
54,management,divorced,tertiary,no,3473,yes,no,cellular,12,aug,306,2,-1,0,unknown,no
46,admin.,single,unknown,no,306,yes,no,cellular,11,may,289,5,-1,0,unknown,no
43,admin.,married,secondary,no,388,yes,no,cellular,19,nov,111,2,-1,0,unknown,no
56,retired,married,primary,no,9367,no,no,cellular,13,aug,320,2,101,2,success,yes
40,management,married,primary,no,738,yes,yes,cellular,2,apr,399,2,258,3,failure,no
30,management,single,tertiary,no,502,no,yes,cellular,18,jul,572,1,-1,0,unknown,yes
35,blue-collar,married,secondary,no,0,yes,yes,cellular,8,apr,519,1,-1,0,unknown,no
56,admin.,single,secondary,no,4118,no,no,telephone,27,may,165,1,-1,0,unknown,yes
35,management,married,tertiary,no,1731,no,no,cellular,31,jul,361,4,-1,0,unknown,yes
41,blue-collar,married,secondary,no,923,yes,no,unknown,14,may,249,2,-1,0,unknown,no
33,technician,married,tertiary,no,1699,no,no,cellular,6,nov,178,2,94,1,success,yes
32,admin.,married,secondary,no,752,yes,no,cellular,6,may,519,2,166,5,failure,yes
33,admin.,divorced,secondary,no,294,yes,no,cellular,8,may,763,1,-1,0,unknown,yes
47,services,married,secondary,no,1315,no,no,cellular,20,nov,329,4,-1,0,unknown,yes
45,management,single,tertiary,no,16,no,no,cellular,31,jul,59,2,-1,0,unknown,no
35,blue-collar,married,primary,no,2878,yes,no,cellular,18,nov,140,2,-1,0,unknown,no
32,student,single,tertiary,no,1138,no,no,telephone,10,feb,402,3,-1,0,unknown,yes
40,management,married,tertiary,no,0,yes,no,cellular,2,feb,279,1,-1,0,unknown,no
44,technician,married,secondary,no,2776,yes,no,cellular,27,jan,701,1,-1,0,unknown,yes
51,management,married,tertiary,no,10635,yes,no,unknown,5,may,336,1,-1,0,unknown,no
28,self-employed,married,tertiary,no,120,yes,yes,unknown,8,may,130,3,-1,0,unknown,no
51,blue-collar,married,secondary,no,-92,yes,no,unknown,4,jun,28,4,-1,0,unknown,no
62,retired,married,secondary,no,1495,no,no,cellular,13,oct,896,1,57,2,success,yes
27,student,single,tertiary,no,5169,yes,no,cellular,3,sep,431,1,466,3,success,yes
28,blue-collar,single,secondary,no,39,no,no,cellular,31,jul,22,7,-1,0,unknown,no
58,blue-collar,married,secondary,no,3027,yes,no,cellular,24,apr,160,1,-1,0,unknown,yes
35,unemployed,single,tertiary,no,415,no,no,cellular,4,may,164,2,89,2,success,yes
47,management,married,tertiary,no,761,yes,no,cellular,11,jul,80,2,-1,0,unknown,no
88,retired,married,secondary,no,433,no,no,telephone,15,sep,161,1,274,1,failure,no
46,management,married,tertiary,no,349,no,no,cellular,15,feb,295,2,616,1,failure,yes
42,housemaid,divorced,secondary,no,314,no,no,unknown,9,jun,249,2,-1,0,unknown,no
34,management,single,tertiary,no,612,no,no,cellular,30,apr,192,1,-1,0,unknown,no
31,blue-collar,married,primary,no,68,yes,no,unknown,8,may,226,1,-1,0,unknown,no
33,management,married,tertiary,no,516,yes,no,cellular,19,nov,245,4,-1,0,unknown,no
39,technician,single,secondary,no,1104,no,no,cellular,20,nov,333,2,105,2,success,no
52,blue-collar,married,primary,no,66653,no,no,cellular,14,aug,109,3,-1,0,unknown,no
68,retired,married,tertiary,no,2812,no,no,cellular,3,feb,279,2,181,1,failure,yes
30,admin.,single,tertiary,no,0,yes,no,cellular,4,feb,730,2,-1,0,unknown,yes
46,admin.,single,secondary,no,272,no,no,cellular,31,jul,149,4,-1,0,unknown,no
31,admin.,single,tertiary,no,355,yes,no,cellular,12,may,609,1,-1,0,unknown,yes
23,services,single,secondary,no,31,no,no,cellular,1,jun,192,1,-1,0,unknown,yes
21,blue-collar,single,secondary,no,2265,no,no,cellular,17,feb,92,2,-1,0,unknown,yes
35,technician,divorced,tertiary,no,0,yes,no,unknown,15,may,759,1,-1,0,unknown,no
52,management,married,unknown,no,2240,yes,no,unknown,13,may,845,1,-1,0,unknown,yes
43,housemaid,single,primary,no,24,no,no,cellular,31,jul,35,2,-1,0,unknown,no
62,blue-collar,married,secondary,no,180,no,no,cellular,15,apr,389,2,-1,0,unknown,yes
53,management,divorced,tertiary,no,6388,yes,no,telephone,23,jul,203,2,-1,0,unknown,no
52,admin.,married,secondary,no,722,no,no,cellular,26,oct,99,2,185,3,failure,no
32,technician,single,secondary,no,1732,yes,no,cellular,14,aug,1871,3,-1,0,unknown,yes
31,technician,single,secondary,no,53,yes,yes,cellular,6,may,530,1,-1,0,unknown,yes
55,blue-collar,married,unknown,no,6134,no,no,cellular,6,aug,127,2,-1,0,unknown,no
48,technician,single,tertiary,no,0,no,no,unknown,16,jun,73,4,-1,0,unknown,no
25,student,single,unknown,no,2503,no,no,cellular,26,feb,100,2,-1,0,unknown,no
39,self-employed,single,tertiary,no,2298,yes,yes,cellular,20,apr,13,2,319,18,other,no
20,student,single,primary,no,6991,no,no,cellular,12,aug,178,2,-1,0,unknown,yes
33,blue-collar,married,secondary,no,89,yes,no,cellular,18,jul,278,2,-1,0,unknown,yes
60,management,married,tertiary,yes,-311,no,no,cellular,25,aug,151,6,-1,0,unknown,no
49,blue-collar,divorced,secondary,yes,259,no,no,unknown,16,may,283,2,-1,0,unknown,no
28,admin.,married,tertiary,no,174,yes,yes,cellular,11,feb,56,1,184,2,failure,no
35,management,single,tertiary,no,4348,yes,no,cellular,2,apr,1074,3,217,8,failure,no
49,technician,single,unknown,no,443,no,no,unknown,20,jun,25,11,-1,0,unknown,no
25,admin.,single,tertiary,no,760,yes,no,cellular,27,may,223,3,89,2,failure,yes
37,management,married,tertiary,no,0,no,no,unknown,16,jun,637,6,-1,0,unknown,yes
20,admin.,single,secondary,no,336,no,yes,cellular,5,jun,133,1,-1,0,unknown,no
43,blue-collar,married,secondary,no,1096,no,yes,unknown,30,may,180,1,-1,0,unknown,no
49,management,married,tertiary,no,413,no,yes,cellular,31,jul,196,4,-1,0,unknown,no
25,technician,single,secondary,no,1231,yes,no,cellular,27,feb,412,5,-1,0,unknown,yes
36,blue-collar,divorced,primary,no,0,no,no,cellular,14,may,543,2,-1,0,unknown,no
29,management,single,tertiary,no,428,no,no,cellular,22,may,293,2,-1,0,unknown,yes
39,technician,married,tertiary,no,108,no,no,cellular,28,may,589,3,28,2,other,no
28,blue-collar,single,secondary,no,517,no,yes,cellular,8,jul,681,1,-1,0,unknown,yes
28,blue-collar,single,secondary,no,-197,yes,no,unknown,9,may,2016,2,-1,0,unknown,yes
56,retired,married,secondary,no,878,no,no,unknown,20,jun,123,3,-1,0,unknown,no
55,blue-collar,divorced,secondary,no,7378,no,no,unknown,14,may,316,3,-1,0,unknown,no
37,admin.,divorced,tertiary,no,4708,no,no,cellular,2,jun,238,1,181,2,success,yes
42,technician,married,tertiary,no,446,no,no,cellular,6,aug,286,3,-1,0,unknown,no
51,services,married,unknown,no,5801,yes,no,unknown,29,may,147,2,-1,0,unknown,no
27,services,married,secondary,no,94,yes,no,unknown,15,may,352,2,-1,0,unknown,no
26,admin.,single,secondary,no,102,no,yes,cellular,8,jul,658,2,-1,0,unknown,yes
44,unemployed,divorced,tertiary,no,0,no,no,cellular,5,feb,1960,3,-1,0,unknown,yes
57,technician,married,secondary,no,589,yes,no,cellular,28,jan,198,1,244,1,other,no
38,services,married,tertiary,no,0,yes,no,cellular,17,apr,239,1,147,4,failure,no
48,management,married,tertiary,no,5320,yes,no,unknown,20,jun,792,1,-1,0,unknown,yes
25,technician,divorced,secondary,no,86,no,yes,cellular,8,jul,483,2,-1,0,unknown,no
60,retired,married,secondary,no,1853,no,no,cellular,10,feb,234,1,183,1,success,yes
36,technician,married,secondary,no,480,no,no,cellular,20,oct,213,1,-1,0,unknown,yes
32,blue-collar,married,secondary,no,-32,yes,no,cellular,12,may,145,1,-1,0,unknown,no
53,housemaid,married,primary,no,104,no,yes,unknown,5,jun,701,1,-1,0,unknown,yes
33,management,single,tertiary,no,373,no,yes,cellular,27,jul,267,1,180,4,failure,yes
43,services,married,tertiary,no,4216,no,no,cellular,24,dec,150,2,195,2,success,yes
22,student,single,primary,no,3472,no,no,cellular,19,apr,529,1,181,4,success,yes
56,technician,divorced,secondary,no,1480,yes,yes,cellular,5,feb,576,1,-1,0,unknown,no
37,blue-collar,married,primary,no,240,yes,no,cellular,11,may,259,1,370,2,other,no
36,blue-collar,single,secondary,no,2596,no,no,unknown,18,jun,60,6,-1,0,unknown,no
29,technician,single,secondary,no,18,no,no,cellular,3,feb,206,3,-1,0,unknown,no
30,technician,single,secondary,no,86,no,no,unknown,20,aug,45,1,-1,0,unknown,no
68,retired,married,tertiary,no,2820,no,no,cellular,3,dec,154,1,97,2,failure,yes
58,management,divorced,primary,no,5914,no,no,unknown,17,jun,69,4,-1,0,unknown,no
39,blue-collar,married,primary,no,766,yes,no,unknown,3,jun,350,3,-1,0,unknown,no
35,admin.,divorced,secondary,no,1085,no,no,cellular,4,feb,195,6,97,12,other,yes
26,admin.,single,tertiary,no,313,no,yes,cellular,26,feb,210,2,-1,0,unknown,yes
44,management,married,tertiary,no,7177,no,no,unknown,19,jun,89,2,-1,0,unknown,no
33,technician,married,secondary,no,4790,yes,no,cellular,20,apr,137,1,272,2,failure,no
49,technician,married,secondary,no,3144,no,no,cellular,31,jul,349,2,-1,0,unknown,no
32,services,married,secondary,no,3756,yes,no,unknown,4,jun,85,3,-1,0,unknown,no
30,technician,single,secondary,no,893,no,no,cellular,26,aug,45,3,-1,0,unknown,no
31,blue-collar,single,secondary,no,2194,no,no,cellular,13,may,275,2,357,1,other,no
51,housemaid,married,primary,no,108,no,no,unknown,16,jun,278,2,-1,0,unknown,no
71,retired,married,tertiary,no,3561,no,no,telephone,15,mar,577,7,-1,0,unknown,yes
49,blue-collar,married,secondary,no,30,yes,no,unknown,5,may,135,4,-1,0,unknown,no
37,management,single,tertiary,no,62,yes,no,cellular,2,aug,428,2,272,8,success,yes
31,technician,single,tertiary,no,176,no,no,cellular,21,aug,241,4,-1,0,unknown,no
60,admin.,divorced,secondary,no,12039,no,no,telephone,12,oct,261,1,187,1,success,yes
35,blue-collar,married,primary,no,623,yes,no,cellular,6,may,97,2,-1,0,unknown,no
39,technician,married,tertiary,no,437,no,no,telephone,27,may,186,2,-1,0,unknown,no
67,retired,divorced,secondary,no,704,no,no,cellular,8,feb,186,2,97,1,success,yes
26,services,single,secondary,no,110,no,no,cellular,30,jan,1136,2,-1,0,unknown,yes
43,management,married,tertiary,no,0,yes,no,cellular,7,may,240,3,293,5,failure,no
34,admin.,married,secondary,no,2374,yes,no,cellular,9,feb,243,2,92,3,success,yes
44,blue-collar,married,secondary,no,1025,yes,no,unknown,18,jun,200,1,-1,0,unknown,no
32,self-employed,married,tertiary,no,1464,no,no,telephone,14,aug,133,2,-1,0,unknown,no
36,management,married,tertiary,no,806,yes,no,cellular,3,feb,106,2,259,1,failure,no
40,unemployed,married,secondary,no,1289,no,no,cellular,26,may,260,2,-1,0,unknown,no
67,retired,married,unknown,no,2540,no,no,telephone,14,jun,278,5,116,4,other,yes
33,technician,married,secondary,no,177,yes,yes,cellular,12,may,22,8,-1,0,unknown,no
48,admin.,married,secondary,no,476,no,no,unknown,5,jun,489,3,-1,0,unknown,no
32,admin.,married,secondary,no,205,no,no,cellular,18,jul,197,3,-1,0,unknown,no
36,management,single,tertiary,no,0,no,yes,cellular,18,nov,300,1,96,4,failure,no
41,technician,married,tertiary,no,0,no,no,unknown,20,jun,95,1,-1,0,unknown,no
44,management,married,tertiary,no,6203,yes,yes,unknown,13,may,129,1,-1,0,unknown,no
32,blue-collar,married,primary,no,1076,yes,no,unknown,19,may,67,1,-1,0,unknown,no
31,services,married,secondary,no,414,yes,no,unknown,7,may,215,1,-1,0,unknown,no
47,admin.,married,secondary,no,290,yes,no,cellular,22,jul,1352,2,-1,0,unknown,yes
74,retired,married,primary,no,0,no,no,telephone,13,aug,562,2,-1,0,unknown,yes
42,services,married,tertiary,no,4216,no,no,cellular,12,jun,186,2,-1,0,unknown,yes
27,technician,single,secondary,no,439,yes,no,cellular,15,apr,1038,2,-1,0,unknown,yes
27,blue-collar,single,secondary,no,2486,yes,no,unknown,29,may,733,1,-1,0,unknown,yes
75,retired,married,secondary,no,291,no,no,cellular,11,feb,515,1,183,1,failure,yes
32,technician,single,tertiary,no,705,no,no,cellular,17,jun,544,1,-1,0,unknown,yes
28,services,single,secondary,no,339,no,no,cellular,3,dec,350,1,182,1,success,yes
32,management,single,tertiary,no,354,no,no,cellular,4,mar,177,2,133,5,other,yes
31,admin.,single,secondary,no,131,yes,no,cellular,15,jun,151,1,-1,0,unknown,yes
48,unemployed,married,secondary,no,817,no,no,cellular,16,jul,806,3,183,5,success,yes
40,entrepreneur,married,tertiary,yes,0,no,no,unknown,19,jun,952,4,-1,0,unknown,yes
36,management,married,tertiary,no,-115,yes,no,cellular,16,apr,297,4,182,2,other,yes
46,technician,married,secondary,no,68,yes,yes,unknown,16,jun,87,3,-1,0,unknown,no
37,blue-collar,married,secondary,no,454,yes,no,unknown,12,may,115,1,-1,0,unknown,no
59,retired,married,secondary,no,0,no,no,unknown,5,jun,812,1,-1,0,unknown,yes
28,student,single,secondary,no,5916,no,no,cellular,22,may,259,1,63,5,failure,no
76,retired,married,unknown,no,8919,no,no,cellular,28,jan,231,1,-1,0,unknown,no
35,blue-collar,married,primary,no,624,yes,no,unknown,7,may,163,1,-1,0,unknown,no
72,retired,married,tertiary,no,2,no,no,cellular,7,aug,147,2,-1,0,unknown,yes
38,blue-collar,single,secondary,no,0,no,no,cellular,13,aug,255,2,105,1,failure,no
31,management,married,tertiary,no,1575,no,no,cellular,12,aug,178,4,-1,0,unknown,no
33,student,married,secondary,no,1536,no,no,cellular,9,feb,359,1,92,3,success,yes
32,admin.,married,secondary,no,3540,yes,no,cellular,18,may,213,1,178,1,failure,no
49,blue-collar,married,primary,no,1898,no,no,cellular,21,aug,159,1,-1,0,unknown,no
63,technician,married,secondary,no,896,yes,no,cellular,28,jan,115,3,91,4,other,no
42,blue-collar,married,secondary,no,634,yes,no,cellular,24,jul,256,2,-1,0,unknown,no
36,management,single,tertiary,no,181,yes,no,cellular,13,may,159,2,278,4,failure,no
28,management,single,tertiary,no,874,yes,no,cellular,5,jun,509,1,-1,0,unknown,yes
26,admin.,single,secondary,no,255,no,no,cellular,14,aug,209,2,106,2,success,yes
53,blue-collar,married,primary,no,5603,no,no,cellular,28,aug,2372,6,-1,0,unknown,yes
34,admin.,married,secondary,no,36,no,no,cellular,22,aug,192,6,-1,0,unknown,no
53,blue-collar,married,secondary,yes,-634,no,no,cellular,19,aug,695,3,-1,0,unknown,no
50,technician,married,primary,no,249,yes,no,unknown,6,may,129,1,-1,0,unknown,no
30,services,married,secondary,no,699,yes,no,unknown,29,may,544,1,-1,0,unknown,no
47,management,single,tertiary,no,0,no,no,cellular,21,aug,136,2,-1,0,unknown,no
42,management,married,tertiary,no,1435,yes,no,cellular,7,may,1148,1,-1,0,unknown,yes
73,retired,married,primary,no,796,no,no,cellular,23,oct,427,1,182,2,failure,yes
46,management,divorced,tertiary,no,624,no,no,cellular,18,mar,420,1,276,1,other,yes
31,management,single,tertiary,no,307,no,no,cellular,8,jul,361,1,229,2,failure,yes
41,blue-collar,married,secondary,no,4910,yes,no,cellular,3,apr,1090,1,-1,0,unknown,no
40,management,married,tertiary,no,193,no,no,cellular,18,aug,105,6,-1,0,unknown,no
45,blue-collar,married,secondary,no,96,yes,no,cellular,13,apr,348,3,256,2,failure,yes
36,blue-collar,married,primary,no,409,yes,no,unknown,11,jun,81,3,-1,0,unknown,no
47,services,married,secondary,no,0,yes,no,telephone,9,jul,250,1,-1,0,unknown,no
37,blue-collar,married,primary,no,3154,yes,no,cellular,17,apr,404,1,305,3,failure,yes
37,technician,married,secondary,no,5115,yes,no,cellular,17,nov,1210,2,171,4,failure,yes
55,retired,divorced,tertiary,no,816,no,no,cellular,18,nov,113,3,-1,0,unknown,no
40,blue-collar,divorced,unknown,no,528,yes,no,cellular,13,may,340,2,357,5,failure,no
50,admin.,single,secondary,no,2252,no,no,cellular,30,apr,652,2,-1,0,unknown,yes
32,technician,married,secondary,no,235,yes,no,telephone,28,aug,688,6,-1,0,unknown,no
28,student,single,tertiary,no,2306,no,no,cellular,29,oct,140,2,-1,0,unknown,no
51,technician,married,secondary,no,6840,no,no,telephone,7,jul,257,1,-1,0,unknown,yes
73,retired,married,unknown,no,519,no,no,telephone,26,feb,270,3,133,2,success,yes
55,technician,married,secondary,no,570,no,no,cellular,27,aug,94,6,-1,0,unknown,no
36,management,divorced,tertiary,no,102,yes,no,cellular,14,apr,114,1,-1,0,unknown,no
42,blue-collar,married,secondary,no,413,yes,no,cellular,11,aug,589,2,-1,0,unknown,yes
33,unemployed,married,tertiary,no,3335,no,no,cellular,15,jun,92,1,301,6,failure,no
27,blue-collar,single,secondary,no,1049,no,no,telephone,29,jan,389,3,-1,0,unknown,no
51,admin.,single,tertiary,no,394,no,no,telephone,28,jan,968,2,-1,0,unknown,yes
39,services,married,secondary,no,117,yes,no,cellular,18,may,1032,2,-1,0,unknown,yes
32,technician,married,tertiary,no,3850,yes,no,cellular,20,apr,63,4,-1,0,unknown,no
33,student,single,unknown,no,1170,no,no,cellular,30,apr,352,1,-1,0,unknown,yes
37,student,single,unknown,no,444,no,no,cellular,14,aug,137,1,102,5,success,yes
42,technician,married,tertiary,no,13410,no,yes,cellular,14,aug,149,2,-1,0,unknown,no
35,blue-collar,single,primary,no,2040,no,no,cellular,21,nov,258,1,157,4,failure,no
42,technician,married,secondary,no,994,yes,no,cellular,18,jan,453,1,67,9,success,yes
44,blue-collar,married,primary,no,134,yes,no,cellular,7,may,378,1,-1,0,unknown,no
30,technician,single,secondary,no,2734,no,no,cellular,21,nov,459,3,-1,0,unknown,yes
42,admin.,single,unknown,no,22,no,no,unknown,19,jun,246,3,-1,0,unknown,no
36,blue-collar,married,secondary,no,418,yes,yes,cellular,13,may,132,2,-1,0,unknown,no
47,management,married,unknown,no,1128,no,no,cellular,28,jan,65,2,-1,0,unknown,no
34,admin.,married,secondary,no,1474,no,no,cellular,2,apr,739,2,-1,0,unknown,yes
43,admin.,single,secondary,no,56831,no,no,unknown,15,may,243,1,-1,0,unknown,no
34,management,married,tertiary,no,0,yes,no,unknown,20,may,150,1,-1,0,unknown,no
48,management,married,primary,no,1513,no,no,cellular,29,jan,166,2,-1,0,unknown,no
44,services,married,secondary,no,1335,yes,no,cellular,30,jul,94,5,-1,0,unknown,no
38,technician,married,secondary,no,6728,no,no,cellular,21,aug,252,4,-1,0,unknown,yes
53,blue-collar,married,primary,no,4641,no,no,unknown,16,jun,356,2,-1,0,unknown,no
29,admin.,married,secondary,no,0,yes,no,unknown,9,may,121,1,-1,0,unknown,no
32,technician,married,secondary,no,616,yes,no,cellular,27,aug,118,7,-1,0,unknown,no
56,retired,married,tertiary,no,281,no,no,cellular,3,mar,96,2,-1,0,unknown,yes
49,technician,married,primary,no,486,no,no,telephone,7,jul,229,5,-1,0,unknown,no
46,admin.,married,secondary,no,0,yes,yes,cellular,20,apr,239,2,259,2,failure,no
47,entrepreneur,married,secondary,no,0,no,no,unknown,5,jun,1446,1,-1,0,unknown,yes
32,technician,single,tertiary,no,1625,no,no,cellular,22,may,796,1,109,1,failure,yes
45,blue-collar,married,secondary,no,2071,no,yes,telephone,22,jul,1148,2,-1,0,unknown,no
34,technician,married,tertiary,no,197,no,no,cellular,20,aug,78,3,-1,0,unknown,yes
47,management,single,tertiary,no,4402,no,no,telephone,10,dec,805,1,190,1,other,yes
35,services,single,tertiary,no,0,no,no,cellular,3,jul,704,1,-1,0,unknown,yes
29,technician,married,secondary,no,344,yes,yes,unknown,28,may,279,2,-1,0,unknown,no
54,management,married,tertiary,no,1464,no,no,cellular,30,jun,157,1,-1,0,unknown,yes
22,student,single,tertiary,no,691,no,no,cellular,19,aug,338,1,-1,0,unknown,yes
37,management,married,tertiary,no,630,no,no,cellular,30,apr,315,1,87,1,success,yes
47,unemployed,married,secondary,yes,0,no,no,cellular,18,nov,81,2,-1,0,unknown,no
58,retired,married,primary,no,4158,no,no,cellular,13,aug,455,2,-1,0,unknown,yes
29,blue-collar,single,unknown,no,694,yes,yes,cellular,16,jul,1806,4,-1,0,unknown,yes
25,student,single,unknown,no,277,no,no,cellular,27,may,311,2,-1,0,unknown,yes
28,student,single,tertiary,no,221,yes,no,cellular,15,may,176,1,-1,0,unknown,no
36,management,single,tertiary,no,8,no,no,cellular,29,jul,858,7,-1,0,unknown,no
45,management,married,tertiary,no,242,no,no,cellular,30,apr,587,1,-1,0,unknown,yes
41,retired,divorced,primary,no,-233,yes,no,unknown,15,may,1156,2,-1,0,unknown,yes
54,entrepreneur,married,secondary,no,0,no,no,unknown,9,jun,96,1,-1,0,unknown,no
61,retired,married,secondary,no,2801,yes,yes,cellular,10,mar,239,1,-1,0,unknown,yes
42,services,divorced,secondary,no,466,no,no,cellular,28,jan,48,1,-1,0,unknown,no
46,blue-collar,married,secondary,no,-3,yes,no,unknown,9,may,92,2,-1,0,unknown,no
30,services,single,secondary,no,9,no,yes,cellular,29,jan,194,2,205,2,failure,no
35,technician,single,tertiary,no,670,no,no,cellular,13,oct,301,2,-1,0,unknown,yes
31,management,married,tertiary,no,1331,no,no,cellular,3,feb,182,2,90,1,success,yes
74,retired,married,secondary,no,3771,no,no,telephone,16,apr,159,1,-1,0,unknown,no
32,unemployed,married,secondary,no,365,yes,no,cellular,30,jan,210,3,-1,0,unknown,no
57,management,divorced,unknown,no,854,no,no,cellular,27,aug,700,4,92,1,failure,yes
34,services,single,tertiary,no,3119,no,no,cellular,16,oct,306,1,-1,0,unknown,yes
53,management,married,tertiary,no,1945,no,no,telephone,7,aug,262,7,-1,0,unknown,no
32,management,single,tertiary,no,3283,no,no,cellular,12,aug,623,2,191,2,success,yes
77,retired,married,tertiary,no,699,no,no,cellular,13,aug,425,2,-1,0,unknown,yes
48,blue-collar,married,secondary,no,1730,yes,no,cellular,4,may,361,1,89,3,success,yes
41,blue-collar,married,secondary,no,598,yes,no,cellular,12,may,69,3,364,11,failure,no
36,management,married,tertiary,no,0,yes,no,telephone,23,oct,140,1,143,3,failure,yes
45,management,married,tertiary,no,1529,no,no,cellular,30,jun,160,1,-1,0,unknown,no
38,blue-collar,divorced,primary,no,0,no,no,unknown,12,jun,49,2,-1,0,unknown,no
18,student,single,unknown,no,108,no,no,cellular,9,feb,92,1,183,1,success,yes
37,technician,single,tertiary,no,197,no,no,cellular,13,may,234,1,87,3,success,yes
66,housemaid,married,primary,no,40,no,no,telephone,14,oct,290,2,-1,0,unknown,yes
41,technician,married,secondary,no,0,no,no,cellular,29,aug,141,2,-1,0,unknown,no
33,admin.,married,secondary,no,0,no,yes,cellular,6,feb,214,5,-1,0,unknown,no
31,management,married,tertiary,no,3,yes,yes,cellular,11,feb,331,1,-1,0,unknown,yes
45,blue-collar,married,secondary,no,226,no,no,telephone,4,feb,170,2,212,2,failure,no
52,blue-collar,divorced,primary,no,0,no,no,cellular,20,nov,19,1,-1,0,unknown,no
43,management,married,secondary,no,107,yes,yes,telephone,28,oct,135,1,-1,0,unknown,yes
29,management,single,tertiary,no,1026,no,no,cellular,12,feb,138,2,92,2,success,yes
39,services,divorced,secondary,no,687,yes,no,cellular,9,jul,869,1,-1,0,unknown,yes
56,services,single,secondary,no,-40,yes,no,cellular,15,may,311,1,368,2,failure,yes
34,technician,married,tertiary,no,3743,yes,no,cellular,18,may,722,4,-1,0,unknown,yes
41,management,married,primary,no,5310,yes,no,cellular,17,nov,984,1,-1,0,unknown,yes
33,management,married,tertiary,no,621,no,no,cellular,12,aug,913,5,-1,0,unknown,no
48,management,married,tertiary,no,20718,yes,no,unknown,14,may,125,1,-1,0,unknown,no
38,admin.,married,secondary,no,4874,no,no,unknown,6,jun,1291,3,-1,0,unknown,no
25,student,single,secondary,no,703,no,no,cellular,5,may,1100,3,-1,0,unknown,no
37,management,married,secondary,no,80,no,no,cellular,27,aug,155,3,-1,0,unknown,no
28,blue-collar,married,secondary,no,1020,yes,no,unknown,28,may,251,1,-1,0,unknown,no
42,blue-collar,married,secondary,no,3,yes,no,unknown,14,may,34,1,-1,0,unknown,no
48,management,divorced,tertiary,no,148,no,no,cellular,12,aug,152,2,-1,0,unknown,no
26,admin.,single,tertiary,no,760,yes,no,cellular,4,mar,456,2,281,5,success,yes
30,technician,single,secondary,no,148,yes,yes,cellular,15,may,115,5,-1,0,unknown,no
52,services,married,secondary,no,497,yes,no,telephone,15,jul,265,5,-1,0,unknown,no
33,technician,married,secondary,no,221,yes,no,cellular,13,may,669,1,355,4,failure,yes
39,technician,single,secondary,no,1022,yes,no,unknown,20,may,1410,2,-1,0,unknown,yes
19,student,single,unknown,no,60,no,no,cellular,14,aug,253,1,-1,0,unknown,no
35,blue-collar,married,secondary,no,126,yes,no,cellular,16,apr,472,1,-1,0,unknown,no
42,technician,married,secondary,no,314,no,no,cellular,27,aug,11,22,-1,0,unknown,no
40,blue-collar,married,secondary,no,188,yes,yes,unknown,20,jun,570,2,-1,0,unknown,yes
34,admin.,single,secondary,no,1581,yes,yes,unknown,20,may,52,11,-1,0,unknown,no
28,management,single,tertiary,no,278,no,yes,cellular,29,jan,194,1,-1,0,unknown,no
46,management,married,tertiary,no,229,yes,no,unknown,5,may,197,1,-1,0,unknown,no
41,services,divorced,secondary,no,727,yes,no,cellular,11,may,246,1,-1,0,unknown,no
41,entrepreneur,married,secondary,no,187,no,yes,cellular,21,jul,354,1,-1,0,unknown,no
31,management,single,tertiary,no,924,no,no,cellular,27,feb,172,1,-1,0,unknown,yes
68,retired,divorced,primary,no,476,no,no,telephone,28,jun,363,1,-1,0,unknown,yes
58,admin.,married,secondary,no,169,no,no,cellular,13,aug,880,1,92,8,success,yes
34,management,married,secondary,no,1007,yes,no,cellular,21,jul,240,2,-1,0,unknown,no
58,management,married,secondary,no,2155,no,yes,cellular,11,aug,248,2,182,7,success,yes
32,services,single,secondary,no,772,yes,no,unknown,15,may,697,3,-1,0,unknown,yes
36,housemaid,married,primary,no,4324,yes,no,cellular,14,jul,565,4,-1,0,unknown,no
29,admin.,married,secondary,no,6429,yes,yes,cellular,14,may,535,1,352,2,failure,no
58,retired,single,tertiary,no,1411,yes,no,cellular,13,may,425,2,-1,0,unknown,no
45,entrepreneur,divorced,tertiary,no,1273,yes,yes,cellular,20,nov,206,2,162,3,failure,no
46,entrepreneur,married,tertiary,no,1920,no,no,cellular,22,aug,604,6,-1,0,unknown,yes
42,technician,married,secondary,no,4466,no,no,cellular,17,nov,158,2,-1,0,unknown,no
53,services,divorced,primary,no,3107,no,no,unknown,5,jun,152,1,-1,0,unknown,no
36,admin.,married,tertiary,no,29,no,no,cellular,12,aug,576,1,-1,0,unknown,yes
39,housemaid,married,tertiary,no,2990,no,no,telephone,30,apr,127,4,-1,0,unknown,no
39,admin.,single,tertiary,no,22086,no,no,cellular,4,jun,160,1,-1,0,unknown,yes
26,management,single,tertiary,no,1720,no,no,cellular,3,feb,383,1,-1,0,unknown,no
23,admin.,single,secondary,no,1104,yes,no,unknown,12,may,120,2,-1,0,unknown,no
33,management,married,tertiary,no,3401,no,no,cellular,20,nov,253,1,-1,0,unknown,yes
32,technician,married,unknown,no,102,yes,no,unknown,21,may,12,11,-1,0,unknown,no
33,technician,married,secondary,no,1234,no,no,telephone,9,nov,61,1,-1,0,unknown,no
28,blue-collar,single,secondary,no,53,yes,no,cellular,13,may,93,1,-1,0,unknown,no
36,admin.,divorced,tertiary,no,4708,no,no,cellular,15,jun,104,1,-1,0,unknown,no
43,management,single,tertiary,no,2081,no,no,cellular,22,oct,554,3,-1,0,unknown,yes
26,student,single,unknown,no,2503,no,no,cellular,30,apr,121,1,63,2,failure,no
40,technician,single,secondary,no,360,yes,no,unknown,9,may,73,1,-1,0,unknown,no
33,technician,single,secondary,no,18,no,no,cellular,22,aug,93,2,-1,0,unknown,no
51,blue-collar,married,secondary,no,2007,yes,no,cellular,12,aug,1226,3,-1,0,unknown,yes
32,admin.,single,secondary,no,620,no,no,cellular,17,apr,211,2,343,3,failure,no
30,admin.,single,secondary,no,255,no,no,cellular,27,jan,143,1,-1,0,unknown,yes
28,services,single,secondary,no,525,no,no,cellular,23,jul,81,1,-1,0,unknown,no
37,admin.,married,secondary,yes,0,no,no,unknown,9,jun,89,1,-1,0,unknown,no
38,services,married,secondary,no,775,no,no,cellular,12,feb,1835,3,182,2,success,yes
31,technician,single,tertiary,no,703,yes,no,unknown,8,may,943,2,-1,0,unknown,yes
58,retired,married,primary,no,565,no,no,telephone,7,jul,876,1,-1,0,unknown,yes
40,technician,married,secondary,no,-357,yes,no,cellular,16,jul,700,4,-1,0,unknown,yes
36,management,married,tertiary,no,630,no,no,cellular,2,feb,285,1,-1,0,unknown,yes
34,blue-collar,single,primary,no,79,no,no,telephone,10,jul,336,4,-1,0,unknown,yes
54,blue-collar,married,primary,no,1311,no,no,telephone,15,oct,485,3,184,3,failure,yes
24,student,single,secondary,no,382,no,no,cellular,13,nov,256,2,92,3,failure,yes
47,blue-collar,married,primary,no,304,yes,no,unknown,12,may,185,1,-1,0,unknown,no
33,technician,single,tertiary,no,538,yes,no,unknown,29,may,359,2,-1,0,unknown,no
55,admin.,married,secondary,no,-2,no,no,cellular,28,aug,76,1,-1,0,unknown,no
34,management,married,secondary,no,369,no,no,cellular,2,aug,868,3,342,4,failure,yes
51,technician,married,tertiary,no,0,no,no,cellular,2,mar,539,2,-1,0,unknown,yes
66,admin.,married,secondary,no,4041,no,no,cellular,14,jun,713,2,-1,0,unknown,yes
31,management,single,tertiary,no,0,yes,no,cellular,30,apr,97,2,87,2,other,no
46,admin.,married,secondary,no,659,yes,no,telephone,29,jul,1127,11,-1,0,unknown,yes
50,services,married,secondary,no,320,no,no,telephone,21,dec,294,3,315,4,success,yes
57,management,divorced,tertiary,no,3287,no,no,cellular,30,mar,277,2,337,1,success,yes
53,blue-collar,single,secondary,no,1442,no,no,telephone,9,dec,137,8,188,2,other,no
78,retired,divorced,primary,no,55,no,no,telephone,5,nov,143,3,90,1,other,no
46,services,divorced,unknown,no,973,no,no,cellular,2,feb,297,1,-1,0,unknown,no
34,management,single,tertiary,no,212,no,no,cellular,25,mar,278,8,-1,0,unknown,yes
24,student,single,secondary,no,125,no,no,cellular,9,nov,263,1,90,1,failure,yes
36,blue-collar,divorced,secondary,no,2278,yes,no,unknown,23,may,152,2,-1,0,unknown,no
27,technician,single,secondary,no,337,no,no,unknown,9,jul,23,1,-1,0,unknown,yes
56,technician,married,tertiary,no,1062,no,no,unknown,20,jun,37,2,-1,0,unknown,no
42,services,single,tertiary,no,94,yes,no,cellular,11,aug,176,2,90,4,failure,yes
52,unknown,married,unknown,no,5361,no,no,cellular,5,aug,607,3,-1,0,unknown,yes
29,technician,single,secondary,no,307,yes,no,cellular,3,feb,216,1,-1,0,unknown,no
49,blue-collar,divorced,secondary,no,10613,no,yes,cellular,4,feb,1226,1,-1,0,unknown,yes
34,admin.,married,secondary,no,804,yes,no,cellular,23,jul,256,9,-1,0,unknown,no
36,technician,single,secondary,no,301,yes,yes,cellular,29,jul,367,1,-1,0,unknown,no
27,technician,married,secondary,no,876,yes,no,cellular,18,may,268,1,355,1,failure,no
34,technician,married,secondary,no,883,no,no,cellular,14,aug,163,3,-1,0,unknown,no
35,technician,married,secondary,no,0,yes,yes,cellular,17,nov,199,1,-1,0,unknown,no
39,management,divorced,tertiary,no,1968,no,no,cellular,21,nov,648,1,-1,0,unknown,yes
56,blue-collar,married,primary,no,0,no,no,cellular,7,aug,152,6,-1,0,unknown,no
22,student,single,secondary,no,3982,no,no,cellular,20,apr,206,1,-1,0,unknown,yes
35,admin.,divorced,secondary,no,1224,yes,no,cellular,3,nov,187,1,-1,0,unknown,yes
40,blue-collar,single,unknown,no,29,no,no,telephone,7,jul,118,2,-1,0,unknown,no
29,unemployed,single,primary,no,1374,no,no,cellular,14,may,1205,2,178,7,success,yes
42,management,married,tertiary,no,9916,yes,no,cellular,21,nov,306,1,-1,0,unknown,no
28,admin.,single,secondary,no,19,no,no,cellular,8,jul,78,4,-1,0,unknown,no
35,admin.,married,secondary,no,2,yes,no,cellular,18,mar,194,1,-1,0,unknown,yes
27,admin.,married,tertiary,no,73,no,no,cellular,10,feb,159,1,-1,0,unknown,yes
44,management,divorced,tertiary,no,5773,no,no,unknown,23,may,597,6,-1,0,unknown,yes
30,admin.,single,secondary,no,983,yes,no,cellular,27,may,189,2,-1,0,unknown,yes
27,student,married,secondary,no,119,yes,no,cellular,16,jul,781,2,-1,0,unknown,yes
40,blue-collar,divorced,secondary,no,-90,yes,no,unknown,28,may,130,1,-1,0,unknown,no
32,management,married,tertiary,no,663,no,yes,cellular,22,jul,62,3,-1,0,unknown,no
57,management,divorced,tertiary,no,3287,no,no,cellular,22,jun,867,1,84,3,success,yes
37,admin.,single,secondary,no,4803,no,no,cellular,15,jan,396,2,-1,0,unknown,yes
33,admin.,single,secondary,no,5,yes,no,cellular,15,may,934,2,368,2,failure,yes
68,retired,divorced,secondary,no,4189,no,no,telephone,14,jul,897,2,-1,0,unknown,yes
45,entrepreneur,divorced,secondary,no,1187,no,yes,cellular,20,nov,157,1,-1,0,unknown,no
46,admin.,married,secondary,no,-522,yes,no,cellular,27,mar,243,3,239,13,other,yes
34,technician,married,secondary,no,484,no,no,unknown,9,may,84,4,-1,0,unknown,no
35,blue-collar,married,unknown,no,4822,yes,no,unknown,20,may,843,2,-1,0,unknown,yes
45,blue-collar,married,primary,no,351,yes,no,unknown,19,jun,66,1,-1,0,unknown,no
30,management,single,tertiary,no,349,no,no,cellular,12,aug,180,3,-1,0,unknown,no
46,blue-collar,married,secondary,no,1568,yes,no,cellular,2,jun,310,1,55,6,other,yes
29,technician,married,secondary,no,0,no,no,unknown,12,may,33,2,-1,0,unknown,no
41,unemployed,single,tertiary,no,4517,yes,no,cellular,20,nov,137,1,-1,0,unknown,no
50,entrepreneur,married,secondary,no,78,no,no,telephone,4,jun,143,1,-1,0,unknown,no
44,admin.,married,unknown,no,40,no,yes,unknown,6,may,160,2,-1,0,unknown,no
48,blue-collar,married,secondary,no,1513,no,yes,cellular,17,jul,1171,1,-1,0,unknown,no
37,services,married,secondary,no,775,no,yes,cellular,25,jul,1000,1,-1,0,unknown,yes
37,blue-collar,married,secondary,no,-97,yes,no,unknown,5,jun,135,2,-1,0,unknown,no
49,blue-collar,married,primary,no,128,no,no,cellular,12,aug,696,2,-1,0,unknown,yes
42,management,married,tertiary,no,0,no,no,cellular,6,aug,81,3,-1,0,unknown,no
30,blue-collar,single,primary,no,185,no,no,unknown,26,jun,11,1,-1,0,unknown,no
32,management,single,tertiary,no,2069,no,no,cellular,22,apr,545,1,-1,0,unknown,yes
36,admin.,married,unknown,no,991,no,no,cellular,14,jan,589,2,-1,0,unknown,yes
46,blue-collar,married,secondary,no,942,no,no,cellular,18,nov,240,3,119,2,failure,no
26,self-employed,single,tertiary,no,2857,no,no,cellular,3,jul,446,1,-1,0,unknown,yes
28,technician,single,secondary,no,922,yes,no,cellular,7,apr,304,1,-1,0,unknown,no
60,retired,divorced,tertiary,no,381,yes,no,cellular,17,apr,208,2,344,4,failure,no
27,student,single,tertiary,no,4869,yes,no,cellular,15,may,258,2,343,4,other,no
24,services,single,unknown,no,2022,no,no,cellular,23,apr,159,4,-1,0,unknown,yes
33,blue-collar,married,secondary,no,0,no,no,cellular,29,jul,454,6,-1,0,unknown,yes
31,self-employed,single,tertiary,no,17924,yes,no,cellular,14,may,745,1,174,3,failure,yes
29,blue-collar,married,secondary,no,246,yes,no,cellular,28,jul,194,5,-1,0,unknown,no
40,technician,married,secondary,no,372,yes,no,cellular,21,nov,365,1,100,2,failure,no
31,management,divorced,tertiary,no,883,yes,no,cellular,5,mar,112,2,106,1,failure,yes
47,technician,divorced,tertiary,no,8422,no,no,cellular,8,aug,200,4,-1,0,unknown,no
55,management,divorced,tertiary,no,0,no,no,cellular,18,aug,309,4,-1,0,unknown,yes
47,blue-collar,married,secondary,no,3630,yes,no,unknown,14,may,133,4,-1,0,unknown,no
31,admin.,single,secondary,no,431,yes,yes,unknown,20,may,1045,1,-1,0,unknown,yes
61,technician,married,primary,no,2282,no,no,cellular,25,nov,1092,1,-1,0,unknown,no
58,management,married,secondary,no,407,yes,no,cellular,29,jul,145,2,-1,0,unknown,no
27,blue-collar,married,secondary,no,419,yes,no,unknown,4,jun,1181,2,-1,0,unknown,yes
32,management,single,tertiary,no,12569,no,no,cellular,1,jul,561,2,295,2,success,yes
27,blue-collar,single,secondary,no,535,no,no,cellular,13,may,159,1,87,3,success,yes
33,management,single,tertiary,no,224,no,no,cellular,8,mar,241,2,-1,0,unknown,yes
59,retired,divorced,tertiary,no,3444,no,no,cellular,10,aug,252,1,185,2,success,yes
32,management,married,tertiary,no,169,no,no,telephone,14,aug,698,2,-1,0,unknown,yes
53,blue-collar,married,secondary,no,25,no,no,cellular,22,aug,528,2,-1,0,unknown,yes
37,management,divorced,tertiary,no,-42,yes,no,cellular,14,may,668,2,-1,0,unknown,yes
39,technician,married,secondary,no,3494,yes,no,cellular,19,nov,139,1,92,4,failure,no
56,management,married,unknown,no,4623,no,no,cellular,25,feb,305,1,192,1,success,yes
42,management,married,tertiary,no,-700,yes,no,unknown,14,may,110,1,-1,0,unknown,no
31,self-employed,married,secondary,no,581,yes,no,cellular,13,oct,845,1,152,6,failure,no
28,blue-collar,single,secondary,no,-46,yes,no,cellular,1,sep,199,1,92,14,success,yes
36,unemployed,divorced,secondary,no,8267,no,no,unknown,18,jun,321,2,-1,0,unknown,no
63,management,married,tertiary,no,5112,no,no,telephone,13,nov,2184,2,95,3,failure,yes
34,entrepreneur,married,secondary,no,1368,yes,no,cellular,18,nov,252,2,-1,0,unknown,no
26,management,single,tertiary,no,390,no,no,cellular,7,aug,325,1,-1,0,unknown,yes
31,services,single,secondary,no,-205,no,no,cellular,1,sep,481,1,579,1,failure,yes
31,management,single,tertiary,no,518,yes,no,cellular,18,may,399,1,-1,0,unknown,no
77,retired,married,primary,no,2590,no,no,telephone,12,aug,345,1,178,20,failure,yes
36,unemployed,married,secondary,no,1766,no,no,unknown,11,jun,595,2,-1,0,unknown,yes
57,retired,married,primary,no,9367,no,no,cellular,14,may,700,4,92,7,success,yes
40,management,married,tertiary,yes,0,no,no,cellular,28,jul,165,5,-1,0,unknown,no
54,housemaid,divorced,tertiary,no,9,no,yes,cellular,29,jul,136,3,-1,0,unknown,no
33,management,single,tertiary,no,952,yes,no,cellular,29,apr,1241,5,-1,0,unknown,yes
25,management,single,tertiary,no,2140,no,no,cellular,1,oct,81,1,-1,0,unknown,no
27,housemaid,married,primary,no,275,yes,no,cellular,14,may,196,2,-1,0,unknown,no
50,management,married,tertiary,no,253,no,no,cellular,28,may,513,9,-1,0,unknown,yes
45,technician,married,secondary,no,44,yes,no,unknown,5,may,95,4,-1,0,unknown,no
34,services,divorced,secondary,no,0,yes,yes,unknown,20,may,203,1,-1,0,unknown,no
31,self-employed,married,primary,no,1074,yes,no,unknown,23,may,1438,2,-1,0,unknown,no
19,student,single,primary,no,103,no,no,cellular,10,jul,104,2,-1,0,unknown,yes
41,technician,married,tertiary,no,67,yes,no,cellular,19,nov,814,1,-1,0,unknown,yes
35,services,married,secondary,no,341,yes,no,cellular,14,may,345,1,-1,0,unknown,yes
42,admin.,divorced,secondary,no,2129,no,no,cellular,13,aug,633,1,182,2,other,yes
30,blue-collar,married,secondary,no,673,yes,no,unknown,20,may,610,2,-1,0,unknown,no
38,blue-collar,divorced,primary,no,-258,yes,no,cellular,14,may,134,2,370,4,other,no
55,entrepreneur,divorced,secondary,no,538,yes,no,cellular,7,aug,353,2,-1,0,unknown,yes
32,blue-collar,married,secondary,no,4996,yes,no,unknown,20,may,205,2,-1,0,unknown,no
28,admin.,married,secondary,no,330,no,no,cellular,2,jun,226,2,182,4,success,yes
48,management,single,tertiary,no,5689,no,no,cellular,12,feb,262,1,-1,0,unknown,yes
49,management,married,tertiary,no,735,yes,no,unknown,13,may,50,3,-1,0,unknown,no
24,management,single,tertiary,no,1506,no,no,cellular,12,jun,239,2,95,4,success,yes
39,management,married,tertiary,no,309,no,no,cellular,26,aug,94,14,-1,0,unknown,no
33,management,single,tertiary,no,5437,no,no,cellular,4,may,267,1,91,1,failure,yes
29,entrepreneur,married,secondary,no,714,yes,yes,cellular,13,may,482,2,-1,0,unknown,yes
42,management,married,primary,no,5310,yes,no,cellular,20,aug,273,1,90,3,success,yes
37,blue-collar,married,secondary,yes,-399,yes,yes,unknown,3,jun,21,3,-1,0,unknown,no
46,management,divorced,secondary,no,361,yes,no,unknown,19,may,86,7,-1,0,unknown,no
83,retired,single,primary,no,1965,no,no,telephone,13,oct,1003,3,-1,0,unknown,yes
46,entrepreneur,married,tertiary,no,4726,yes,no,cellular,8,apr,405,1,-1,0,unknown,no
28,technician,single,secondary,no,593,yes,no,unknown,19,jun,202,1,-1,0,unknown,no
39,admin.,married,secondary,no,150,no,no,cellular,3,jun,296,4,-1,0,unknown,yes
22,student,single,unknown,no,1232,no,no,cellular,30,jul,283,1,430,2,other,yes
31,admin.,single,secondary,no,162,yes,no,unknown,28,may,247,1,-1,0,unknown,no
45,unemployed,married,secondary,no,891,yes,no,unknown,7,jan,118,1,-1,0,unknown,yes
52,technician,married,tertiary,no,2557,no,no,cellular,8,jul,340,1,156,1,other,yes
46,unemployed,divorced,secondary,no,3354,yes,no,cellular,19,nov,522,1,174,1,success,yes
30,admin.,married,secondary,no,482,no,no,cellular,23,apr,86,1,-1,0,unknown,no
43,management,divorced,tertiary,no,666,no,no,cellular,13,aug,160,3,-1,0,unknown,no
43,blue-collar,married,primary,no,250,yes,no,cellular,12,may,144,5,342,16,failure,no
41,student,single,secondary,no,1934,yes,no,cellular,21,nov,162,2,-1,0,unknown,no
32,blue-collar,married,secondary,no,320,yes,yes,cellular,3,feb,22,4,-1,0,unknown,no
42,management,married,tertiary,no,-556,yes,yes,cellular,8,may,682,3,347,3,failure,yes
26,self-employed,single,secondary,no,3676,no,no,cellular,7,apr,148,1,-1,0,unknown,yes
31,blue-collar,married,secondary,no,557,yes,yes,unknown,27,may,185,1,-1,0,unknown,no
49,management,married,tertiary,no,276,no,no,cellular,27,aug,62,5,-1,0,unknown,no
24,admin.,single,secondary,no,1235,yes,yes,unknown,30,may,76,3,-1,0,unknown,no
32,admin.,single,secondary,no,344,no,no,cellular,26,may,530,2,-1,0,unknown,yes
59,retired,married,unknown,no,0,no,no,cellular,25,aug,213,4,-1,0,unknown,no
63,retired,married,secondary,no,2030,no,no,cellular,6,apr,61,6,-1,0,unknown,no
38,management,married,tertiary,no,-558,yes,no,cellular,21,jul,533,1,-1,0,unknown,no
54,management,married,tertiary,no,2819,no,no,cellular,7,aug,123,3,-1,0,unknown,no
29,self-employed,married,secondary,no,425,yes,no,unknown,5,jun,562,15,-1,0,unknown,yes
40,blue-collar,married,primary,no,1758,yes,no,unknown,16,may,1230,3,-1,0,unknown,yes
52,management,married,primary,no,48,no,no,unknown,9,jun,135,2,-1,0,unknown,no
45,management,married,tertiary,no,4119,yes,yes,telephone,31,aug,473,2,283,1,success,yes
43,self-employed,married,tertiary,no,3003,no,no,cellular,8,aug,358,3,-1,0,unknown,no
49,retired,married,unknown,no,247,no,no,unknown,15,may,213,2,-1,0,unknown,no
47,technician,married,secondary,no,1981,yes,no,cellular,21,jul,919,2,-1,0,unknown,yes
36,technician,single,tertiary,no,962,yes,no,cellular,8,may,568,1,-1,0,unknown,yes
28,admin.,married,secondary,no,157,yes,yes,cellular,28,jul,164,2,-1,0,unknown,no
40,services,married,secondary,no,664,yes,yes,cellular,18,may,29,5,-1,0,unknown,no
58,self-employed,married,secondary,no,0,yes,no,telephone,3,feb,702,3,264,9,failure,no
44,blue-collar,single,secondary,no,36,yes,no,unknown,8,may,712,1,-1,0,unknown,no
31,management,single,tertiary,no,617,no,no,cellular,4,jun,1161,1,97,2,success,yes
48,blue-collar,married,secondary,no,1405,yes,no,unknown,14,may,629,2,-1,0,unknown,yes
42,services,married,secondary,no,1165,yes,no,cellular,18,may,485,6,-1,0,unknown,no
51,housemaid,divorced,tertiary,no,1613,no,no,cellular,4,aug,870,1,-1,0,unknown,yes
33,admin.,single,secondary,no,1437,yes,no,unknown,21,may,641,1,-1,0,unknown,no
54,housemaid,married,primary,no,212,no,no,cellular,12,aug,81,4,-1,0,unknown,no
56,management,married,primary,no,21,no,no,cellular,7,jul,118,1,-1,0,unknown,no
35,blue-collar,married,secondary,no,-461,no,no,unknown,23,may,339,1,-1,0,unknown,no
36,management,married,tertiary,no,9,no,no,cellular,11,aug,386,4,-1,0,unknown,yes
42,technician,married,secondary,no,994,yes,no,cellular,11,aug,149,1,78,5,failure,yes
55,blue-collar,married,primary,no,-79,no,yes,unknown,27,jun,293,3,-1,0,unknown,no
47,technician,divorced,tertiary,no,694,yes,no,cellular,11,may,1001,4,-1,0,unknown,no
38,management,married,secondary,no,93,no,no,unknown,3,jul,515,2,-1,0,unknown,no
28,technician,single,secondary,no,227,no,no,cellular,30,apr,278,1,-1,0,unknown,yes
26,admin.,single,secondary,no,141,yes,no,cellular,18,may,19,4,349,6,other,no
38,management,single,tertiary,no,2117,no,no,cellular,14,aug,81,2,-1,0,unknown,no
55,management,married,tertiary,no,5010,no,no,cellular,18,nov,530,1,-1,0,unknown,no
32,services,single,secondary,no,1659,yes,no,unknown,30,may,120,6,-1,0,unknown,no
32,services,divorced,secondary,no,4612,yes,no,cellular,24,jul,937,4,-1,0,unknown,no
70,retired,married,primary,no,2346,no,no,cellular,24,feb,694,1,184,5,failure,yes
34,admin.,married,secondary,no,1406,yes,no,cellular,27,may,145,1,-1,0,unknown,yes
37,services,married,secondary,no,1694,yes,yes,cellular,29,jan,404,2,251,6,failure,no
29,admin.,single,secondary,no,209,no,no,cellular,5,feb,605,2,-1,0,unknown,no
49,management,married,tertiary,yes,-6847,no,yes,cellular,21,jul,206,1,-1,0,unknown,no
30,entrepreneur,married,secondary,no,-346,yes,yes,cellular,22,jul,88,1,-1,0,unknown,no
33,blue-collar,married,primary,no,5,yes,no,cellular,17,apr,1007,2,-1,0,unknown,yes
33,admin.,single,secondary,no,315,yes,yes,cellular,14,may,888,3,-1,0,unknown,yes
35,technician,married,tertiary,no,6,yes,no,cellular,18,nov,47,1,-1,0,unknown,no
45,technician,single,tertiary,no,0,no,no,cellular,18,aug,773,4,-1,0,unknown,yes
45,retired,single,secondary,yes,86,no,no,cellular,21,nov,64,5,-1,0,unknown,no
65,management,divorced,tertiary,no,90,yes,no,cellular,22,apr,416,1,-1,0,unknown,yes
39,management,single,tertiary,no,2258,yes,no,cellular,31,jul,255,2,-1,0,unknown,no
35,admin.,married,secondary,no,786,no,yes,cellular,25,jul,322,1,-1,0,unknown,no
52,management,divorced,secondary,no,944,no,yes,unknown,9,jun,119,1,-1,0,unknown,no
55,unemployed,married,tertiary,no,5345,no,no,unknown,6,may,278,1,-1,0,unknown,no
31,blue-collar,single,primary,no,216,yes,no,unknown,21,may,565,1,-1,0,unknown,yes
90,retired,divorced,primary,no,712,no,no,telephone,3,mar,557,1,-1,0,unknown,yes
40,blue-collar,married,primary,no,-35,yes,no,cellular,18,may,194,3,-1,0,unknown,no
53,admin.,single,secondary,no,291,no,no,unknown,23,jul,145,1,-1,0,unknown,no
26,blue-collar,single,secondary,yes,81,no,yes,cellular,8,jul,803,2,-1,0,unknown,yes
38,entrepreneur,married,tertiary,no,1110,yes,no,cellular,20,nov,888,2,183,2,failure,yes
45,blue-collar,single,tertiary,no,-243,no,yes,cellular,8,jul,171,2,-1,0,unknown,no
41,blue-collar,married,primary,no,-441,yes,no,cellular,5,may,352,1,-1,0,unknown,no
30,self-employed,single,tertiary,no,432,yes,no,cellular,2,feb,402,1,-1,0,unknown,yes
38,services,single,primary,no,3715,yes,no,telephone,13,may,41,2,327,17,failure,no
32,services,married,secondary,no,144,yes,no,unknown,19,may,260,11,-1,0,unknown,no
35,management,married,tertiary,no,2161,no,no,cellular,9,sep,569,3,-1,0,unknown,yes
57,entrepreneur,married,unknown,no,657,no,no,unknown,12,jun,344,1,-1,0,unknown,no
35,technician,single,secondary,no,126,no,no,cellular,22,aug,112,2,-1,0,unknown,no
47,technician,married,secondary,no,19,yes,no,unknown,6,may,105,2,-1,0,unknown,no
39,management,married,unknown,no,76,no,no,cellular,15,sep,200,1,183,1,success,yes
34,technician,divorced,secondary,no,-276,yes,no,unknown,29,may,175,3,-1,0,unknown,no
30,unemployed,married,tertiary,no,330,no,no,cellular,14,apr,111,1,-1,0,unknown,yes
26,services,single,secondary,no,-189,no,yes,cellular,17,jul,538,2,-1,0,unknown,yes
27,blue-collar,single,secondary,yes,-3,yes,no,unknown,19,may,265,5,-1,0,unknown,no
29,blue-collar,single,secondary,no,260,yes,no,unknown,2,jun,707,14,-1,0,unknown,yes
30,technician,single,secondary,no,778,yes,no,cellular,18,may,22,2,346,2,failure,no
31,technician,married,secondary,no,589,yes,yes,unknown,21,may,151,1,-1,0,unknown,no
51,management,divorced,tertiary,no,1267,yes,no,unknown,30,may,254,2,-1,0,unknown,no
35,management,single,tertiary,no,62,yes,no,cellular,5,may,214,4,15,3,success,no
50,blue-collar,married,primary,no,280,yes,no,unknown,18,jun,61,23,-1,0,unknown,no
57,unemployed,married,secondary,no,890,no,no,cellular,5,feb,343,4,-1,0,unknown,no
30,blue-collar,married,secondary,no,364,yes,yes,cellular,4,feb,331,1,-1,0,unknown,no
27,student,single,primary,yes,25,no,no,unknown,28,aug,8,1,-1,0,unknown,no
46,services,married,secondary,no,2948,no,no,cellular,21,nov,893,1,-1,0,unknown,yes
41,blue-collar,married,secondary,no,1384,yes,no,unknown,15,may,1162,4,-1,0,unknown,yes
43,unemployed,married,secondary,no,553,no,no,telephone,4,feb,125,1,-1,0,unknown,no
34,unemployed,married,primary,no,309,no,no,cellular,5,feb,578,1,-1,0,unknown,yes
26,unemployed,single,secondary,no,622,no,no,cellular,28,jan,1451,2,-1,0,unknown,yes
50,entrepreneur,married,primary,no,199,no,no,cellular,11,may,228,2,363,2,failure,no
55,blue-collar,married,primary,no,781,yes,no,cellular,3,feb,112,3,270,2,failure,no
35,blue-collar,divorced,primary,no,1792,yes,no,cellular,31,jul,630,6,-1,0,unknown,yes
48,blue-collar,single,secondary,no,8982,yes,no,unknown,14,may,628,1,-1,0,unknown,no
43,admin.,married,secondary,no,132,no,no,cellular,17,mar,220,1,-1,0,unknown,yes
52,technician,married,secondary,no,195,yes,no,cellular,18,feb,220,1,63,5,failure,yes
48,blue-collar,married,secondary,no,750,no,no,cellular,5,feb,85,2,8,2,other,no
42,unemployed,married,tertiary,no,576,no,no,cellular,3,jun,447,2,96,1,success,yes
61,technician,divorced,secondary,no,6481,no,no,cellular,19,oct,131,1,-1,0,unknown,yes
62,self-employed,married,tertiary,no,3685,no,no,cellular,3,feb,181,3,-1,0,unknown,no
42,self-employed,married,primary,no,3717,no,no,unknown,20,jun,235,1,-1,0,unknown,no
30,technician,single,secondary,no,863,yes,no,unknown,16,may,1193,5,-1,0,unknown,yes
31,management,married,tertiary,no,1230,yes,no,unknown,27,may,290,4,-1,0,unknown,no
26,blue-collar,single,secondary,no,658,no,yes,telephone,23,jul,34,4,-1,0,unknown,no
50,blue-collar,married,primary,no,5872,yes,no,cellular,5,may,762,3,-1,0,unknown,yes
60,technician,married,secondary,no,1740,no,no,cellular,13,mar,296,2,-1,0,unknown,yes
56,technician,married,secondary,no,0,yes,yes,cellular,29,apr,152,1,223,3,other,no
35,technician,single,secondary,no,300,yes,no,unknown,9,may,338,4,-1,0,unknown,no
42,self-employed,married,tertiary,no,1932,yes,no,unknown,16,may,192,32,-1,0,unknown,no
24,blue-collar,married,primary,no,656,yes,no,unknown,16,may,894,1,-1,0,unknown,yes
31,blue-collar,married,secondary,no,3311,yes,no,unknown,20,may,719,1,-1,0,unknown,yes
29,technician,single,secondary,no,309,yes,no,unknown,13,may,214,1,-1,0,unknown,no
45,technician,married,unknown,no,886,yes,no,cellular,13,oct,75,2,42,1,failure,no
32,management,single,tertiary,no,0,no,no,cellular,22,aug,360,2,-1,0,unknown,no
42,management,married,tertiary,no,199,yes,no,cellular,9,jul,497,1,-1,0,unknown,no
47,management,single,tertiary,no,6651,no,no,cellular,8,jul,229,1,412,2,failure,yes
29,technician,divorced,secondary,no,124,no,no,unknown,27,may,125,1,-1,0,unknown,no
39,technician,married,secondary,no,8,no,yes,cellular,17,nov,333,2,96,2,failure,no
30,blue-collar,divorced,primary,no,1,yes,no,unknown,6,jun,63,9,-1,0,unknown,no
59,unknown,married,unknown,no,2443,no,no,unknown,20,jun,8,8,-1,0,unknown,no
58,technician,married,unknown,no,49,yes,no,unknown,15,may,75,2,-1,0,unknown,no
41,technician,married,secondary,no,-378,yes,no,cellular,5,feb,361,1,253,2,failure,no
42,technician,married,tertiary,no,-805,no,no,cellular,8,aug,103,6,-1,0,unknown,no
42,blue-collar,married,secondary,no,108,yes,no,telephone,31,jul,51,21,-1,0,unknown,no
58,management,divorced,tertiary,no,5701,no,no,cellular,2,feb,521,1,-1,0,unknown,yes
31,management,single,tertiary,no,12857,yes,no,telephone,4,may,483,4,87,2,success,yes
32,technician,single,secondary,no,129,yes,no,cellular,7,may,213,1,-1,0,unknown,no
40,technician,married,tertiary,no,11766,yes,no,cellular,13,apr,218,2,242,9,failure,yes
37,management,married,tertiary,no,49,no,yes,cellular,22,aug,132,1,-1,0,unknown,no
47,admin.,married,secondary,no,996,no,no,telephone,29,aug,247,2,-1,0,unknown,no
42,unknown,single,unknown,yes,61,no,no,unknown,20,jun,115,1,-1,0,unknown,no
38,technician,divorced,tertiary,no,791,yes,no,unknown,26,may,89,2,-1,0,unknown,no
41,blue-collar,married,primary,no,6596,yes,no,cellular,20,nov,88,1,-1,0,unknown,no
46,blue-collar,single,tertiary,no,283,no,no,cellular,7,apr,299,1,-1,0,unknown,yes
42,admin.,single,secondary,no,1451,yes,no,cellular,4,may,251,4,-1,0,unknown,yes
42,blue-collar,married,secondary,no,681,yes,no,cellular,18,nov,203,1,-1,0,unknown,no
41,unemployed,married,secondary,no,1077,yes,yes,telephone,9,dec,207,3,387,2,failure,yes
41,blue-collar,married,primary,no,1250,yes,no,unknown,20,may,1392,2,-1,0,unknown,yes
69,retired,single,tertiary,no,2144,no,no,cellular,29,jul,417,1,184,4,success,yes
52,management,married,tertiary,no,7135,no,no,cellular,19,aug,1032,3,-1,0,unknown,yes
55,technician,married,secondary,no,517,yes,yes,unknown,19,may,61,4,-1,0,unknown,no
43,entrepreneur,married,primary,no,2315,yes,yes,cellular,14,may,42,1,-1,0,unknown,no
41,services,married,secondary,no,803,yes,no,cellular,9,apr,592,4,316,3,failure,yes
35,management,single,tertiary,no,3544,yes,no,cellular,8,jun,380,1,-1,0,unknown,yes
35,management,divorced,tertiary,no,771,yes,yes,cellular,18,aug,221,5,-1,0,unknown,no
50,management,married,tertiary,no,-470,yes,no,cellular,19,nov,130,2,160,1,failure,no
70,retired,divorced,primary,no,383,no,no,cellular,28,apr,50,2,-1,0,unknown,no
36,blue-collar,married,secondary,no,274,yes,no,unknown,16,jun,686,11,-1,0,unknown,yes
41,technician,single,secondary,no,32,yes,no,cellular,7,may,162,1,-1,0,unknown,no
25,blue-collar,single,secondary,no,389,no,no,cellular,3,jun,837,1,-1,0,unknown,yes
45,management,married,tertiary,no,2671,no,no,cellular,14,aug,94,4,-1,0,unknown,yes
89,retired,married,tertiary,no,553,no,no,telephone,19,aug,2027,5,-1,0,unknown,no
37,entrepreneur,married,tertiary,no,7944,no,no,cellular,21,nov,102,1,-1,0,unknown,no
50,management,married,tertiary,no,6739,yes,no,cellular,14,jul,68,3,-1,0,unknown,no
40,admin.,single,tertiary,no,27,no,no,cellular,20,aug,467,2,-1,0,unknown,yes
35,technician,single,secondary,no,1609,yes,no,unknown,30,may,288,3,-1,0,unknown,no
57,entrepreneur,married,secondary,yes,-525,no,yes,cellular,25,jul,337,1,-1,0,unknown,no
52,self-employed,married,tertiary,no,4012,no,no,cellular,31,aug,634,3,92,5,other,yes
35,management,married,tertiary,no,1510,yes,no,unknown,9,may,61,1,-1,0,unknown,no
30,management,single,secondary,no,-383,yes,no,cellular,18,may,170,1,-1,0,unknown,no
28,management,single,tertiary,no,3611,no,no,cellular,26,feb,141,2,-1,0,unknown,yes
27,services,single,secondary,no,795,no,no,cellular,6,feb,101,3,-1,0,unknown,no
42,management,married,secondary,no,580,no,no,cellular,22,aug,67,2,-1,0,unknown,no
31,admin.,married,secondary,no,535,no,no,unknown,9,may,249,3,-1,0,unknown,no
42,admin.,single,secondary,no,1022,yes,no,unknown,5,may,146,2,-1,0,unknown,no
43,unemployed,married,secondary,no,1943,yes,no,cellular,18,nov,202,2,-1,0,unknown,no
54,blue-collar,married,primary,no,316,yes,no,cellular,14,may,240,1,-1,0,unknown,no
32,management,single,tertiary,no,4291,no,no,cellular,7,aug,1321,9,-1,0,unknown,yes
49,entrepreneur,married,secondary,no,687,no,no,cellular,18,aug,65,6,-1,0,unknown,no
35,management,single,tertiary,no,304,yes,no,cellular,19,nov,274,2,-1,0,unknown,no
31,entrepreneur,divorced,tertiary,no,0,yes,no,cellular,18,nov,164,1,-1,0,unknown,no
38,blue-collar,married,primary,no,668,no,no,unknown,8,may,238,1,-1,0,unknown,no
31,unemployed,single,tertiary,no,302,no,no,cellular,3,feb,349,1,357,3,success,yes
57,technician,married,secondary,no,28,yes,no,cellular,8,may,163,1,358,1,failure,no
57,management,married,tertiary,no,1660,no,no,cellular,4,aug,642,1,-1,0,unknown,yes
55,blue-collar,married,secondary,yes,67,no,no,cellular,8,jul,267,2,-1,0,unknown,no
33,admin.,single,secondary,no,241,no,no,cellular,22,jul,490,1,-1,0,unknown,no
39,management,married,tertiary,no,141,yes,no,cellular,13,may,788,2,331,6,other,no
43,technician,married,secondary,no,310,yes,no,unknown,29,may,291,1,-1,0,unknown,no
40,admin.,single,secondary,no,664,no,no,cellular,21,jul,1342,2,-1,0,unknown,yes
32,management,married,secondary,no,0,no,no,cellular,20,aug,162,4,-1,0,unknown,no
45,admin.,single,secondary,no,341,yes,yes,cellular,5,may,77,2,-1,0,unknown,no
42,services,married,secondary,no,774,no,no,cellular,28,jan,997,1,-1,0,unknown,yes
42,blue-collar,married,secondary,no,413,yes,no,cellular,11,feb,456,2,184,2,success,yes
50,services,married,secondary,no,1595,no,no,unknown,9,jun,882,1,-1,0,unknown,yes
41,admin.,single,secondary,no,882,yes,yes,unknown,28,may,145,2,-1,0,unknown,no
43,services,divorced,secondary,no,313,yes,no,cellular,8,may,155,2,-1,0,unknown,no
59,admin.,married,secondary,no,106,no,no,cellular,22,may,186,1,-1,0,unknown,yes
30,technician,single,secondary,no,-232,no,yes,cellular,7,aug,118,2,-1,0,unknown,no
21,blue-collar,married,primary,no,-172,yes,yes,cellular,15,may,409,1,361,3,failure,yes
32,technician,married,secondary,no,3271,no,no,cellular,12,feb,375,1,374,1,other,yes
58,services,married,secondary,no,1667,yes,yes,unknown,6,may,85,1,-1,0,unknown,no
50,entrepreneur,married,secondary,no,1857,no,yes,unknown,19,jun,26,2,-1,0,unknown,no
33,blue-collar,single,tertiary,no,700,no,no,cellular,9,feb,126,1,88,1,success,yes
34,blue-collar,married,secondary,no,199,yes,no,unknown,8,may,627,3,-1,0,unknown,no
31,services,single,secondary,no,-45,no,no,unknown,7,may,246,2,-1,0,unknown,no
39,services,married,secondary,no,208,no,yes,cellular,9,feb,122,2,-1,0,unknown,no
41,self-employed,single,tertiary,no,0,no,no,cellular,18,nov,256,1,-1,0,unknown,no
32,blue-collar,married,secondary,no,1879,no,no,cellular,6,feb,591,8,-1,0,unknown,yes
30,admin.,single,secondary,no,60,no,no,cellular,29,jan,55,2,-1,0,unknown,no
50,management,married,tertiary,no,469,no,no,cellular,16,oct,170,1,183,1,success,yes
55,retired,divorced,secondary,no,-268,no,yes,cellular,24,jul,1417,1,-1,0,unknown,yes
42,entrepreneur,married,secondary,no,46,no,no,cellular,2,feb,1013,1,-1,0,unknown,no
30,admin.,single,tertiary,no,305,no,no,cellular,4,feb,227,2,-1,0,unknown,yes
44,technician,married,secondary,no,0,yes,no,unknown,30,may,243,3,-1,0,unknown,no
38,services,single,secondary,no,1315,no,no,unknown,20,jun,23,12,-1,0,unknown,no
32,self-employed,single,tertiary,no,46,yes,no,cellular,14,jun,485,2,-1,0,unknown,yes
56,technician,single,secondary,no,3499,yes,no,unknown,29,may,248,3,-1,0,unknown,no
35,admin.,married,secondary,no,3854,yes,no,cellular,5,may,131,1,-1,0,unknown,no
38,blue-collar,married,primary,no,4406,yes,no,telephone,13,may,689,2,-1,0,unknown,yes
36,management,married,tertiary,no,255,no,no,cellular,25,aug,242,6,95,4,success,yes
50,services,married,secondary,no,1321,no,no,unknown,17,jun,271,2,-1,0,unknown,no
29,management,single,tertiary,no,265,no,no,cellular,22,may,491,1,-1,0,unknown,yes
41,self-employed,divorced,tertiary,no,4418,yes,no,cellular,21,nov,855,3,-1,0,unknown,no
33,blue-collar,married,secondary,no,686,yes,yes,telephone,14,may,30,6,343,12,other,no
30,management,married,tertiary,no,102,yes,no,cellular,5,apr,470,7,426,3,other,yes
33,blue-collar,single,secondary,no,-416,yes,no,unknown,16,may,767,2,-1,0,unknown,yes
49,management,married,tertiary,no,322,no,no,cellular,6,aug,72,4,-1,0,unknown,no
27,blue-collar,single,secondary,no,-208,yes,no,unknown,21,may,127,2,-1,0,unknown,no
32,blue-collar,divorced,unknown,no,291,yes,yes,unknown,27,jun,120,6,-1,0,unknown,no
24,technician,single,secondary,no,135,yes,yes,cellular,18,may,250,1,-1,0,unknown,no
37,blue-collar,divorced,secondary,no,0,yes,no,cellular,21,apr,146,4,-1,0,unknown,yes
44,management,married,tertiary,no,792,no,no,cellular,25,aug,630,7,-1,0,unknown,yes
43,management,divorced,tertiary,no,388,yes,no,unknown,8,may,2087,2,-1,0,unknown,yes
31,technician,single,tertiary,no,22,yes,no,unknown,9,may,483,3,-1,0,unknown,yes
29,management,single,unknown,no,560,no,no,cellular,5,apr,459,1,307,1,failure,yes
29,management,single,tertiary,no,265,no,no,cellular,24,aug,130,2,94,1,success,yes
34,blue-collar,married,primary,no,503,yes,no,unknown,26,may,120,2,-1,0,unknown,no
46,technician,divorced,secondary,no,117,no,no,cellular,29,aug,94,2,-1,0,unknown,no
38,blue-collar,divorced,secondary,no,0,yes,no,cellular,21,oct,576,1,183,4,success,yes
35,management,single,tertiary,no,995,no,no,cellular,5,feb,39,1,-1,0,unknown,no
28,services,single,secondary,no,47,no,no,cellular,22,jul,405,2,-1,0,unknown,no
33,management,married,tertiary,no,55,no,no,cellular,30,apr,526,2,87,3,failure,yes
38,services,single,primary,no,-87,yes,no,cellular,13,may,531,1,-1,0,unknown,no
36,technician,single,secondary,no,98,no,no,cellular,30,jan,771,1,-1,0,unknown,yes
29,services,single,secondary,no,1934,no,no,cellular,29,sep,271,1,-1,0,unknown,yes
50,blue-collar,married,primary,no,82,no,no,telephone,5,apr,456,1,-1,0,unknown,yes
29,blue-collar,married,secondary,no,940,yes,yes,cellular,15,may,382,1,-1,0,unknown,yes
34,services,married,secondary,no,2956,no,no,cellular,6,aug,835,2,-1,0,unknown,yes
46,admin.,divorced,secondary,no,2232,no,no,cellular,13,feb,121,1,-1,0,unknown,yes
37,technician,divorced,secondary,no,3068,yes,yes,cellular,20,nov,370,2,195,1,other,yes
37,technician,married,tertiary,no,549,no,no,cellular,2,mar,239,1,-1,0,unknown,yes
59,management,married,secondary,no,4412,no,no,cellular,2,nov,162,2,-1,0,unknown,yes
27,technician,single,tertiary,no,501,no,yes,telephone,30,jan,370,4,-1,0,unknown,no
62,technician,married,secondary,no,973,no,no,cellular,2,feb,326,1,-1,0,unknown,yes
34,management,married,tertiary,no,158,no,no,cellular,9,sep,278,2,132,4,failure,yes
36,technician,single,secondary,no,12264,no,no,cellular,11,oct,285,1,182,2,success,yes
50,admin.,married,secondary,no,1575,no,no,cellular,17,nov,407,1,-1,0,unknown,no
57,blue-collar,married,unknown,no,3585,no,no,telephone,14,nov,172,1,-1,0,unknown,yes
64,management,married,tertiary,no,3951,no,no,cellular,28,jan,134,1,91,1,success,yes
48,unemployed,married,secondary,no,855,yes,no,unknown,9,may,241,2,-1,0,unknown,no
28,management,married,tertiary,no,1240,no,no,cellular,4,aug,849,1,-1,0,unknown,yes
25,admin.,single,secondary,no,507,yes,no,cellular,15,may,832,1,367,3,failure,yes
35,housemaid,married,tertiary,no,1265,yes,no,cellular,15,may,326,5,179,4,failure,yes
62,retired,married,secondary,no,2801,yes,yes,cellular,9,sep,261,1,183,1,success,yes
39,unemployed,married,secondary,no,270,yes,no,unknown,3,jun,116,1,-1,0,unknown,no
41,technician,divorced,secondary,no,4047,yes,no,cellular,18,feb,343,1,-1,0,unknown,yes
44,admin.,single,secondary,no,985,yes,yes,cellular,11,may,9,7,325,19,failure,no
38,management,married,tertiary,no,0,no,no,cellular,28,aug,77,18,-1,0,unknown,no
54,self-employed,divorced,primary,no,4382,yes,no,telephone,18,may,193,4,-1,0,unknown,no
32,entrepreneur,single,tertiary,no,7641,yes,yes,cellular,21,nov,39,10,-1,0,unknown,no
40,blue-collar,married,primary,no,46,yes,no,unknown,6,may,119,1,-1,0,unknown,no
27,services,single,secondary,no,54,yes,no,unknown,28,may,543,2,-1,0,unknown,yes
36,self-employed,single,secondary,no,1295,no,no,cellular,20,nov,1192,1,-1,0,unknown,yes
51,admin.,married,secondary,no,50,no,no,cellular,26,aug,178,2,-1,0,unknown,no
35,technician,single,secondary,no,183,no,no,cellular,23,oct,281,1,52,4,failure,yes
54,management,married,tertiary,no,0,no,yes,cellular,19,nov,307,3,-1,0,unknown,no
32,technician,single,tertiary,no,654,yes,no,cellular,25,may,615,4,-1,0,unknown,yes
25,student,single,secondary,no,469,no,no,cellular,24,feb,524,1,187,2,success,no
36,blue-collar,married,primary,no,871,yes,yes,telephone,18,nov,2,1,-1,0,unknown,no
30,blue-collar,single,secondary,no,1012,yes,no,cellular,17,apr,22,3,329,1,failure,no
32,technician,single,tertiary,no,703,yes,no,cellular,3,feb,489,2,271,2,success,no
64,retired,married,tertiary,no,380,no,no,cellular,25,aug,479,1,-1,0,unknown,yes
26,admin.,married,secondary,no,3415,no,no,cellular,8,apr,209,1,-1,0,unknown,yes
78,retired,divorced,primary,no,1389,no,no,cellular,8,apr,335,1,-1,0,unknown,yes
39,management,married,tertiary,no,763,yes,no,cellular,11,may,877,7,300,2,other,yes
42,management,single,tertiary,no,7560,no,no,cellular,28,jan,132,1,-1,0,unknown,yes
41,housemaid,married,primary,no,39,no,no,cellular,21,aug,299,4,-1,0,unknown,no
54,housemaid,married,primary,no,3304,no,yes,cellular,25,jul,90,7,-1,0,unknown,no
39,technician,single,tertiary,no,393,no,no,cellular,28,jun,325,1,94,1,success,yes
36,management,single,tertiary,no,243,yes,no,cellular,7,may,160,2,360,3,failure,no
33,management,single,tertiary,no,62,yes,no,cellular,18,may,473,3,-1,0,unknown,yes
53,technician,married,tertiary,no,431,yes,no,cellular,5,may,55,1,328,1,failure,no
38,blue-collar,single,secondary,no,2580,yes,no,cellular,8,apr,1691,2,264,3,failure,yes
46,services,divorced,secondary,no,355,yes,no,cellular,8,may,122,2,338,8,other,no
26,student,single,tertiary,no,13107,yes,no,cellular,27,may,112,2,-1,0,unknown,no
27,unknown,single,unknown,no,326,no,no,cellular,22,feb,326,1,-1,0,unknown,yes
49,admin.,single,secondary,no,293,no,no,cellular,28,jun,452,1,-1,0,unknown,yes
59,retired,married,tertiary,no,9676,no,no,telephone,27,mar,234,2,-1,0,unknown,yes
41,management,divorced,tertiary,no,4567,yes,yes,cellular,16,jul,106,1,-1,0,unknown,no
47,blue-collar,divorced,primary,no,603,yes,yes,cellular,8,may,1080,1,-1,0,unknown,yes
31,management,married,tertiary,no,81,yes,no,cellular,29,oct,164,2,-1,0,unknown,yes
30,unemployed,divorced,secondary,no,7105,no,no,cellular,22,dec,321,2,-1,0,unknown,yes
47,blue-collar,married,primary,no,673,yes,yes,unknown,6,jun,118,4,-1,0,unknown,no
35,student,single,secondary,no,188,yes,no,cellular,16,feb,75,3,200,5,failure,yes
24,self-employed,single,tertiary,no,91,yes,no,cellular,15,may,134,2,-1,0,unknown,no
30,self-employed,single,secondary,no,192,no,no,cellular,22,jul,423,1,-1,0,unknown,no
55,management,married,tertiary,no,42,yes,no,telephone,11,may,386,2,-1,0,unknown,no
31,self-employed,married,tertiary,no,94,no,no,cellular,22,aug,579,2,-1,0,unknown,yes
37,technician,married,unknown,no,189,no,no,cellular,16,jun,162,2,-1,0,unknown,yes
38,management,married,tertiary,no,630,no,no,cellular,2,sep,362,1,388,3,other,yes
37,admin.,single,secondary,no,810,yes,no,cellular,8,apr,376,1,295,1,failure,no
46,admin.,single,tertiary,no,2889,yes,no,cellular,5,may,494,1,-1,0,unknown,yes
23,student,single,secondary,no,107,no,no,cellular,14,oct,84,1,183,1,success,yes
46,technician,married,secondary,no,9299,no,no,cellular,19,jul,1148,1,276,2,other,yes
33,management,single,tertiary,no,3161,yes,no,cellular,2,apr,313,3,-1,0,unknown,yes
57,management,married,secondary,no,2155,no,yes,cellular,10,nov,144,3,91,2,failure,yes
37,management,married,tertiary,no,21,yes,no,unknown,29,may,52,2,-1,0,unknown,no
31,management,married,tertiary,no,0,yes,no,cellular,4,may,108,2,167,1,failure,no
66,retired,married,secondary,no,203,no,no,cellular,7,jul,376,1,-1,0,unknown,yes
61,retired,married,primary,no,197,no,no,cellular,17,feb,113,1,-1,0,unknown,yes
44,admin.,married,secondary,no,1042,yes,no,cellular,18,may,136,1,-1,0,unknown,no
60,management,married,tertiary,no,0,no,no,cellular,7,aug,401,3,-1,0,unknown,yes
35,technician,married,secondary,no,4508,yes,no,cellular,18,nov,854,1,-1,0,unknown,yes
51,management,married,tertiary,no,1394,yes,no,cellular,5,aug,115,1,-1,0,unknown,no
59,retired,married,primary,no,-411,no,no,cellular,29,jan,225,1,-1,0,unknown,no
41,self-employed,single,tertiary,no,1755,no,no,unknown,11,jun,152,10,-1,0,unknown,no
37,blue-collar,married,secondary,no,4321,no,no,cellular,5,jun,657,1,-1,0,unknown,yes
24,admin.,single,tertiary,no,0,yes,no,cellular,27,may,122,2,-1,0,unknown,yes
37,management,married,tertiary,no,332,yes,no,cellular,14,aug,190,2,84,7,failure,no
34,admin.,married,secondary,no,2374,yes,no,cellular,9,nov,161,1,209,2,failure,yes
38,blue-collar,married,unknown,no,0,yes,no,cellular,2,apr,477,2,267,1,failure,no
40,management,married,tertiary,no,-63,no,yes,cellular,2,jul,196,1,-1,0,unknown,no
31,management,single,tertiary,no,12569,no,no,cellular,9,sep,344,1,295,1,failure,yes
25,technician,single,secondary,no,325,no,no,cellular,22,oct,716,3,-1,0,unknown,yes
58,management,married,tertiary,no,1697,no,no,unknown,20,jun,55,2,-1,0,unknown,no
44,self-employed,married,unknown,no,163,yes,no,cellular,4,may,364,3,-1,0,unknown,yes
57,technician,divorced,tertiary,no,96,no,no,cellular,21,aug,913,4,-1,0,unknown,yes
35,technician,married,tertiary,no,7050,no,no,cellular,10,feb,278,3,187,1,success,yes
28,blue-collar,single,secondary,no,643,no,no,cellular,3,jul,308,2,-1,0,unknown,yes
34,admin.,married,secondary,no,124,yes,no,telephone,14,may,604,4,366,2,other,yes
43,management,married,tertiary,no,0,no,no,cellular,14,jul,1153,3,-1,0,unknown,yes
27,management,single,tertiary,no,1,yes,no,cellular,30,jul,764,4,-1,0,unknown,yes
26,blue-collar,single,tertiary,no,567,no,no,cellular,25,may,421,1,-1,0,unknown,yes
31,blue-collar,married,secondary,no,2910,yes,no,unknown,23,may,1392,2,-1,0,unknown,yes
31,management,married,tertiary,no,4148,yes,no,cellular,21,nov,316,3,99,9,other,yes
37,admin.,single,secondary,no,9,yes,no,cellular,14,may,165,1,-1,0,unknown,no
72,retired,married,tertiary,no,0,no,no,cellular,13,feb,99,1,-1,0,unknown,yes
35,technician,married,tertiary,no,3160,yes,no,cellular,16,nov,445,2,95,1,failure,yes
42,technician,single,secondary,no,823,yes,no,cellular,28,jan,137,1,-1,0,unknown,no
27,admin.,single,secondary,no,292,yes,no,cellular,12,may,53,9,362,8,other,no
35,management,single,tertiary,no,1618,yes,yes,cellular,7,may,542,1,-1,0,unknown,yes
53,technician,single,tertiary,no,185,yes,no,cellular,8,may,1448,2,-1,0,unknown,yes
25,admin.,single,tertiary,no,3730,yes,no,cellular,27,feb,353,1,-1,0,unknown,yes
30,management,single,tertiary,no,398,no,no,cellular,24,apr,235,2,-1,0,unknown,yes
30,services,single,secondary,yes,-366,yes,no,cellular,18,jul,516,1,-1,0,unknown,yes
38,admin.,married,secondary,no,1559,no,no,cellular,3,mar,136,2,280,1,failure,yes
66,housemaid,married,primary,no,1230,no,no,cellular,17,dec,726,3,-1,0,unknown,yes
42,management,married,tertiary,no,0,no,no,cellular,13,aug,325,2,-1,0,unknown,no
49,entrepreneur,married,tertiary,no,4976,yes,no,cellular,21,nov,105,1,-1,0,unknown,no
57,technician,married,secondary,no,7554,no,no,telephone,28,oct,141,1,-1,0,unknown,yes
30,management,married,tertiary,no,233,yes,no,unknown,14,may,382,10,-1,0,unknown,no
55,blue-collar,married,secondary,no,0,no,no,unknown,12,jun,614,2,-1,0,unknown,yes
25,services,married,secondary,no,4522,yes,no,cellular,18,may,177,4,-1,0,unknown,no
48,blue-collar,single,primary,no,623,yes,no,cellular,2,feb,1425,2,-1,0,unknown,yes
44,housemaid,single,secondary,no,299,no,no,cellular,20,nov,186,1,-1,0,unknown,no
39,blue-collar,married,unknown,no,1181,yes,no,cellular,30,jul,650,2,-1,0,unknown,yes
56,admin.,single,secondary,no,-13,no,no,unknown,16,jun,52,3,-1,0,unknown,no
27,management,single,tertiary,no,446,no,no,cellular,23,jun,205,3,-1,0,unknown,no
54,entrepreneur,divorced,tertiary,no,5784,no,no,cellular,21,nov,75,5,-1,0,unknown,no
34,technician,single,tertiary,no,370,no,no,cellular,11,aug,116,2,-1,0,unknown,no
32,admin.,single,secondary,no,184,yes,no,unknown,8,may,230,4,-1,0,unknown,no
42,blue-collar,married,secondary,no,490,yes,no,unknown,5,may,386,2,-1,0,unknown,no
46,housemaid,married,primary,no,3512,no,no,cellular,30,oct,175,1,197,1,failure,yes
59,management,married,tertiary,no,3342,no,no,cellular,18,mar,467,2,188,6,other,yes
47,housemaid,married,primary,no,183,no,no,cellular,13,aug,144,1,-1,0,unknown,no
29,management,single,tertiary,no,268,no,no,cellular,16,apr,667,1,-1,0,unknown,yes
49,technician,married,tertiary,no,-888,no,yes,cellular,21,jul,298,1,-1,0,unknown,no
30,management,single,tertiary,no,232,no,no,cellular,15,jul,219,1,91,1,success,yes
53,admin.,divorced,unknown,no,257,no,no,cellular,11,jul,1310,2,-1,0,unknown,yes
60,housemaid,married,primary,no,1163,no,no,cellular,30,apr,470,8,-1,0,unknown,yes
34,blue-collar,married,primary,no,695,yes,yes,unknown,16,may,1064,4,-1,0,unknown,yes
55,management,married,tertiary,no,12972,no,no,telephone,18,aug,205,1,-1,0,unknown,yes
47,admin.,single,secondary,no,3696,no,no,cellular,12,jul,250,2,181,4,success,yes
35,admin.,married,secondary,no,2374,yes,no,cellular,11,aug,765,2,183,5,success,yes
44,management,married,tertiary,no,226,yes,no,cellular,14,aug,190,3,270,3,failure,yes
33,technician,divorced,secondary,no,801,no,no,cellular,7,aug,341,5,-1,0,unknown,yes
36,blue-collar,married,secondary,no,1790,yes,no,cellular,16,apr,386,2,-1,0,unknown,no
34,admin.,married,secondary,no,3185,yes,no,unknown,13,may,520,1,-1,0,unknown,no
30,management,single,tertiary,no,5389,no,no,cellular,6,aug,1456,3,-1,0,unknown,yes
45,blue-collar,divorced,secondary,no,-184,yes,no,cellular,7,may,878,3,170,5,failure,yes
59,services,single,secondary,no,739,no,no,cellular,14,jan,408,1,-1,0,unknown,yes
58,admin.,divorced,secondary,no,1947,no,no,telephone,26,oct,228,1,-1,0,unknown,yes
74,retired,married,primary,no,1413,no,no,cellular,25,feb,385,2,-1,0,unknown,yes
30,technician,single,tertiary,no,0,no,no,cellular,22,aug,34,2,-1,0,unknown,no
31,technician,married,secondary,no,2363,yes,no,unknown,13,may,247,1,-1,0,unknown,no
53,technician,married,primary,no,6839,yes,no,cellular,19,nov,77,1,-1,0,unknown,no
49,blue-collar,married,primary,no,4830,yes,no,unknown,6,jun,350,1,-1,0,unknown,no
41,admin.,married,secondary,no,3126,yes,no,cellular,29,jun,222,1,91,7,failure,yes
52,admin.,married,primary,no,813,no,yes,cellular,5,aug,113,2,-1,0,unknown,no
25,technician,single,secondary,no,4718,no,no,cellular,24,jul,709,1,-1,0,unknown,yes
35,management,married,tertiary,no,178,no,no,cellular,14,aug,76,2,-1,0,unknown,no
53,management,married,tertiary,no,1356,yes,no,cellular,9,nov,371,2,96,4,failure,no
80,retired,married,primary,no,155,no,no,telephone,12,mar,290,1,93,2,success,yes
35,management,married,tertiary,no,323,no,no,cellular,11,jan,261,2,-1,0,unknown,yes
51,blue-collar,married,secondary,no,814,yes,no,cellular,14,may,17,8,-1,0,unknown,no
56,retired,married,secondary,no,1044,no,no,telephone,3,jul,353,2,-1,0,unknown,yes
27,blue-collar,married,secondary,no,-330,yes,yes,cellular,14,may,88,1,353,2,failure,no
35,services,divorced,secondary,no,-504,no,no,cellular,10,jul,228,1,-1,0,unknown,no
32,services,married,secondary,no,914,no,no,cellular,15,jun,372,1,-1,0,unknown,yes
42,management,married,tertiary,no,386,yes,no,unknown,7,may,168,1,-1,0,unknown,no
42,admin.,married,secondary,no,12,yes,no,cellular,16,apr,466,4,-1,0,unknown,no
32,technician,single,secondary,no,40,no,no,cellular,8,aug,419,2,-1,0,unknown,yes
51,management,divorced,tertiary,no,119,no,no,cellular,17,nov,200,1,165,2,failure,no
59,blue-collar,married,secondary,no,0,yes,no,unknown,5,may,226,1,-1,0,unknown,no
27,blue-collar,single,tertiary,no,644,no,no,cellular,2,jun,657,1,182,1,success,yes
38,management,married,tertiary,no,1223,no,no,cellular,12,aug,1092,5,-1,0,unknown,yes
27,self-employed,single,tertiary,no,347,no,no,cellular,6,aug,385,4,-1,0,unknown,yes
55,blue-collar,married,unknown,no,23,no,no,cellular,30,jan,143,1,2,3,other,no
43,retired,married,secondary,no,860,no,no,telephone,30,oct,132,1,-1,0,unknown,yes
32,technician,single,tertiary,no,4665,yes,no,unknown,21,may,860,2,-1,0,unknown,yes
26,services,single,secondary,no,-481,yes,yes,cellular,6,may,595,5,-1,0,unknown,no
30,technician,single,secondary,no,120,yes,no,cellular,18,may,74,1,-1,0,unknown,no
74,retired,married,secondary,no,9480,no,no,cellular,21,apr,211,1,-1,0,unknown,yes
42,technician,single,secondary,no,-321,no,no,cellular,28,jan,230,2,-1,0,unknown,no
36,entrepreneur,divorced,tertiary,no,776,no,yes,cellular,7,jul,722,3,-1,0,unknown,yes
39,admin.,married,tertiary,no,1322,yes,no,cellular,24,sep,157,3,486,1,other,no
32,management,single,secondary,no,2018,no,no,cellular,11,aug,1238,1,-1,0,unknown,yes
32,entrepreneur,married,tertiary,no,0,yes,yes,cellular,18,nov,95,1,-1,0,unknown,no
54,technician,married,secondary,no,0,no,no,cellular,6,nov,464,5,192,8,other,yes
56,blue-collar,married,primary,no,2442,no,yes,cellular,18,aug,111,7,-1,0,unknown,no
36,services,married,secondary,no,30,no,yes,cellular,8,jul,716,5,-1,0,unknown,yes
45,entrepreneur,married,secondary,no,781,no,yes,cellular,17,nov,652,2,126,2,failure,yes
49,entrepreneur,married,tertiary,no,384,no,no,unknown,11,jun,64,1,-1,0,unknown,no
40,blue-collar,single,secondary,no,0,yes,no,unknown,27,may,59,4,-1,0,unknown,no
36,services,single,secondary,no,760,no,no,unknown,20,jun,9,13,-1,0,unknown,no
47,blue-collar,married,secondary,no,3237,yes,no,unknown,15,may,198,3,-1,0,unknown,no
37,management,married,tertiary,no,2987,yes,no,cellular,15,feb,93,1,91,9,failure,yes
45,unemployed,married,secondary,no,2040,no,no,telephone,2,feb,803,1,-1,0,unknown,yes
80,retired,married,primary,no,1021,no,no,telephone,26,feb,37,1,-1,0,unknown,no
80,retired,divorced,primary,no,235,no,no,cellular,31,mar,577,1,223,3,other,yes
23,student,single,secondary,no,1234,no,no,cellular,16,nov,250,1,-1,0,unknown,yes
29,management,married,tertiary,no,2417,yes,no,cellular,7,may,126,2,-1,0,unknown,no
46,self-employed,divorced,secondary,no,0,no,no,unknown,10,aug,6,1,-1,0,unknown,no
39,management,married,tertiary,no,22,yes,no,unknown,2,jun,493,1,-1,0,unknown,no
56,management,divorced,tertiary,no,3885,yes,no,cellular,10,jul,51,1,-1,0,unknown,no
59,retired,divorced,primary,no,-88,yes,no,unknown,5,jun,910,2,-1,0,unknown,yes
36,management,married,primary,no,3953,yes,no,cellular,19,nov,277,1,-1,0,unknown,no
55,admin.,married,primary,no,319,no,no,cellular,21,nov,124,3,-1,0,unknown,no
60,blue-collar,divorced,secondary,no,1310,no,no,unknown,7,may,152,2,-1,0,unknown,no
38,management,married,tertiary,no,536,yes,no,cellular,22,oct,234,1,92,1,success,yes
36,technician,divorced,tertiary,no,119,no,no,cellular,23,jul,127,8,-1,0,unknown,no
34,management,single,tertiary,no,171,yes,no,cellular,7,may,191,1,294,1,failure,no
31,management,married,tertiary,no,1384,yes,no,cellular,30,jan,203,2,2,3,other,no
34,management,married,tertiary,no,0,no,no,cellular,6,feb,787,3,9,1,other,yes
41,blue-collar,married,primary,no,1461,yes,no,unknown,6,jun,554,2,-1,0,unknown,yes
51,services,married,unknown,no,3413,no,no,cellular,27,aug,146,7,-1,0,unknown,no
50,self-employed,married,secondary,no,10052,no,no,cellular,13,aug,665,2,-1,0,unknown,yes
32,blue-collar,married,secondary,no,2263,no,no,cellular,7,may,113,2,-1,0,unknown,no
22,student,single,secondary,no,0,no,no,cellular,6,feb,229,6,-1,0,unknown,yes
35,technician,single,tertiary,no,33,no,no,cellular,29,aug,300,2,-1,0,unknown,no
60,blue-collar,married,primary,no,29184,no,no,telephone,15,jun,94,2,-1,0,unknown,no
36,management,married,tertiary,no,495,no,no,cellular,5,aug,157,3,97,2,success,yes
28,technician,single,secondary,no,6551,no,no,cellular,26,may,362,1,77,1,failure,no
45,blue-collar,married,secondary,no,10252,no,no,cellular,4,may,675,2,-1,0,unknown,yes
54,blue-collar,married,primary,no,258,no,no,telephone,25,may,86,1,88,1,failure,no
33,services,divorced,secondary,no,1529,yes,no,telephone,18,nov,41,1,-1,0,unknown,no
50,unemployed,married,secondary,no,3478,yes,no,unknown,13,may,342,3,-1,0,unknown,no
50,self-employed,married,secondary,no,5312,no,no,cellular,23,jul,106,3,-1,0,unknown,no
52,admin.,single,secondary,no,2398,yes,no,cellular,3,nov,412,1,-1,0,unknown,yes
47,housemaid,married,secondary,no,3940,yes,no,cellular,5,aug,226,3,97,2,failure,yes
42,management,married,tertiary,no,144,no,no,cellular,4,mar,148,1,87,4,failure,yes
24,student,single,secondary,no,1234,no,no,cellular,21,jul,314,1,156,2,success,yes
40,blue-collar,married,secondary,no,1028,yes,yes,cellular,17,apr,319,1,-1,0,unknown,no
41,management,single,secondary,no,3234,yes,no,cellular,30,jan,2770,1,-1,0,unknown,yes
34,blue-collar,married,primary,no,15841,yes,no,cellular,20,apr,423,5,-1,0,unknown,no
49,blue-collar,single,primary,no,2146,yes,no,cellular,7,may,1516,2,353,2,other,yes
49,technician,married,tertiary,no,80,no,no,cellular,17,jul,123,1,-1,0,unknown,no
26,admin.,married,secondary,no,5231,no,yes,cellular,17,jul,222,2,-1,0,unknown,no
40,technician,single,secondary,no,5637,yes,no,unknown,30,may,553,3,-1,0,unknown,yes
35,management,married,tertiary,no,2583,no,no,cellular,19,nov,210,1,-1,0,unknown,no
26,blue-collar,single,secondary,no,463,no,yes,cellular,2,jul,248,2,-1,0,unknown,yes
41,blue-collar,married,primary,no,219,no,yes,unknown,18,jun,1574,3,-1,0,unknown,yes
31,management,single,tertiary,no,296,no,yes,cellular,8,jul,509,4,-1,0,unknown,yes
73,retired,single,secondary,no,1050,no,no,cellular,4,mar,562,3,181,2,failure,yes
38,technician,married,secondary,no,976,yes,no,cellular,14,jul,766,3,-1,0,unknown,yes
25,technician,single,tertiary,no,1231,no,no,cellular,31,aug,271,2,-1,0,unknown,yes
26,blue-collar,single,primary,no,16,no,yes,cellular,8,jul,249,2,-1,0,unknown,no
39,services,married,secondary,no,702,yes,no,cellular,8,apr,303,1,300,1,failure,no
30,admin.,divorced,primary,no,1032,yes,no,unknown,29,may,52,5,-1,0,unknown,no
32,admin.,divorced,secondary,no,-46,no,yes,cellular,18,jul,1373,4,-1,0,unknown,yes
27,admin.,single,tertiary,no,73,no,no,cellular,29,jan,242,1,-1,0,unknown,no
35,management,married,tertiary,no,36,no,yes,cellular,16,jul,1656,5,-1,0,unknown,yes
28,student,married,tertiary,no,327,yes,no,cellular,15,may,104,3,-1,0,unknown,no
27,blue-collar,married,primary,no,106,yes,no,unknown,30,may,150,5,-1,0,unknown,no
27,management,single,tertiary,no,831,no,no,cellular,30,mar,1081,2,-1,0,unknown,yes
55,admin.,married,secondary,no,1102,yes,no,unknown,15,may,126,2,-1,0,unknown,no
43,management,single,tertiary,no,2067,yes,no,unknown,8,may,756,1,-1,0,unknown,yes
58,management,married,tertiary,no,287,yes,no,cellular,21,aug,676,8,-1,0,unknown,no
33,services,single,secondary,no,772,yes,no,cellular,29,jan,323,2,259,3,success,no
38,entrepreneur,single,secondary,no,2543,no,no,cellular,10,aug,223,1,414,4,failure,yes
63,blue-collar,married,primary,no,115,no,no,telephone,27,apr,325,1,180,7,failure,yes
37,technician,married,secondary,no,0,yes,no,cellular,22,apr,1288,3,-1,0,unknown,yes
31,management,single,tertiary,no,15,no,no,cellular,11,aug,119,2,-1,0,unknown,no
29,blue-collar,single,secondary,no,734,yes,yes,cellular,30,apr,259,1,296,1,other,yes
47,services,single,secondary,no,3644,no,no,unknown,9,jun,83,2,-1,0,unknown,no
23,student,single,secondary,no,1298,no,no,cellular,14,jul,603,1,-1,0,unknown,yes
57,admin.,divorced,secondary,no,658,no,no,cellular,10,jul,724,1,-1,0,unknown,yes
49,management,divorced,tertiary,no,1904,no,yes,cellular,17,nov,131,2,-1,0,unknown,no
53,management,married,tertiary,no,12,no,no,cellular,27,aug,345,10,-1,0,unknown,no
49,technician,married,secondary,no,5244,no,no,cellular,25,aug,60,4,-1,0,unknown,no
29,technician,single,tertiary,no,2178,no,no,cellular,22,oct,260,2,139,1,other,yes
48,blue-collar,married,primary,no,783,no,yes,cellular,6,aug,90,2,-1,0,unknown,no
29,services,married,secondary,no,57,yes,no,telephone,21,jul,342,9,-1,0,unknown,no
34,management,married,tertiary,no,402,no,no,cellular,26,may,147,1,-1,0,unknown,no
33,services,married,secondary,no,255,yes,yes,cellular,21,nov,588,2,184,2,failure,no
36,student,single,tertiary,no,129,no,no,cellular,27,oct,149,1,-1,0,unknown,yes
30,student,single,secondary,no,1779,no,no,cellular,11,aug,233,1,433,1,success,yes
32,management,married,tertiary,no,62,yes,no,telephone,13,nov,45,1,-1,0,unknown,no
41,admin.,married,secondary,no,0,yes,no,cellular,17,nov,595,2,-1,0,unknown,no
27,technician,married,secondary,no,241,no,yes,unknown,26,feb,889,1,-1,0,unknown,no
30,management,single,tertiary,no,7845,yes,no,unknown,3,jun,59,1,-1,0,unknown,no
48,management,divorced,tertiary,no,657,no,yes,cellular,29,jan,251,2,-1,0,unknown,no
28,admin.,married,secondary,no,5,yes,no,cellular,18,jul,121,1,-1,0,unknown,no
30,blue-collar,married,secondary,no,1131,yes,yes,cellular,18,nov,189,1,144,5,failure,no
38,technician,married,secondary,no,1696,no,no,cellular,20,nov,267,2,-1,0,unknown,no
38,blue-collar,married,secondary,no,360,yes,no,unknown,14,may,220,2,-1,0,unknown,no
33,management,single,tertiary,no,576,no,no,cellular,25,may,220,1,111,2,other,no
60,unemployed,married,primary,no,0,no,no,cellular,22,jul,1193,1,412,1,other,yes
45,admin.,married,secondary,no,0,no,yes,telephone,15,jul,533,3,-1,0,unknown,yes
39,management,married,tertiary,no,1738,yes,no,cellular,14,may,633,1,358,1,other,yes
51,management,single,tertiary,no,1202,yes,no,cellular,18,nov,99,1,-1,0,unknown,no
41,technician,single,unknown,no,5372,yes,no,cellular,13,jan,248,3,-1,0,unknown,yes
32,technician,single,tertiary,no,569,no,yes,cellular,29,jan,348,1,-1,0,unknown,no
28,admin.,divorced,secondary,no,-504,yes,yes,cellular,14,may,578,1,-1,0,unknown,yes
55,housemaid,married,primary,no,2152,no,no,unknown,19,jun,922,2,-1,0,unknown,yes
34,technician,married,tertiary,no,8029,yes,no,cellular,14,aug,593,4,-1,0,unknown,yes
44,technician,married,secondary,no,2857,no,no,cellular,5,aug,318,2,-1,0,unknown,no
51,retired,married,tertiary,no,580,no,no,cellular,19,nov,694,2,-1,0,unknown,yes
50,unemployed,married,primary,no,705,no,no,unknown,5,jun,504,1,-1,0,unknown,yes
75,retired,divorced,primary,no,37127,no,no,cellular,11,feb,505,1,-1,0,unknown,no
32,blue-collar,single,secondary,no,604,no,no,cellular,30,jan,410,2,196,2,other,no
34,technician,single,secondary,no,0,no,no,cellular,28,aug,195,6,-1,0,unknown,no
40,technician,single,tertiary,no,1175,no,no,cellular,14,apr,184,1,-1,0,unknown,yes
42,admin.,single,secondary,no,30,yes,no,cellular,4,feb,98,1,266,3,failure,no
38,admin.,single,secondary,no,100,yes,no,unknown,7,may,786,1,-1,0,unknown,yes
28,admin.,married,secondary,no,934,yes,no,unknown,4,jul,53,2,-1,0,unknown,no
33,services,married,secondary,no,1082,yes,yes,cellular,19,nov,351,1,-1,0,unknown,no
56,admin.,single,secondary,no,1854,yes,no,telephone,7,may,45,1,342,2,failure,no
32,management,single,tertiary,no,1781,no,no,cellular,8,apr,321,1,-1,0,unknown,yes
34,blue-collar,married,secondary,no,1464,yes,no,cellular,28,aug,207,3,130,5,other,yes
68,retired,single,tertiary,no,2144,no,no,cellular,26,jan,708,1,96,3,success,yes
35,admin.,married,secondary,no,304,no,no,cellular,18,mar,237,1,-1,0,unknown,yes
35,technician,married,secondary,no,-180,no,yes,cellular,13,aug,823,2,-1,0,unknown,yes
62,blue-collar,married,secondary,no,272,no,no,cellular,11,nov,289,1,92,3,success,yes
47,technician,married,secondary,no,2283,yes,no,cellular,21,nov,170,2,-1,0,unknown,no
59,admin.,divorced,secondary,no,1525,no,no,telephone,29,jul,90,2,-1,0,unknown,no
30,services,single,tertiary,no,1788,no,no,cellular,4,aug,288,1,181,2,failure,yes
49,services,married,secondary,no,653,no,no,cellular,11,aug,317,2,-1,0,unknown,no
50,technician,divorced,secondary,no,-54,yes,yes,cellular,13,may,698,2,292,1,failure,yes
39,management,married,tertiary,no,0,no,no,cellular,30,apr,342,3,22,3,other,yes
29,technician,single,secondary,no,825,no,no,cellular,25,jun,472,2,-1,0,unknown,yes
26,technician,single,secondary,no,430,no,no,cellular,5,feb,450,2,-1,0,unknown,no
51,technician,married,secondary,no,130,no,no,cellular,22,aug,547,3,-1,0,unknown,no
43,admin.,married,secondary,no,616,yes,no,unknown,9,may,168,2,-1,0,unknown,no
53,retired,married,primary,no,0,no,yes,unknown,27,jun,747,1,-1,0,unknown,no
48,blue-collar,single,primary,no,316,no,no,unknown,5,jun,560,2,-1,0,unknown,no
38,self-employed,married,secondary,no,30,no,no,unknown,16,jun,91,1,-1,0,unknown,no
57,technician,married,secondary,no,458,no,yes,cellular,15,jul,177,3,-1,0,unknown,no
37,management,married,tertiary,no,578,yes,no,cellular,8,aug,401,4,-1,0,unknown,no
33,services,single,secondary,no,192,no,no,cellular,24,jul,255,1,-1,0,unknown,no
57,entrepreneur,married,secondary,no,905,no,no,cellular,7,aug,121,1,-1,0,unknown,no
52,admin.,married,secondary,no,-462,yes,no,cellular,9,feb,172,5,-1,0,unknown,no
25,student,single,secondary,no,1608,no,no,cellular,30,apr,664,2,-1,0,unknown,yes
28,blue-collar,married,primary,no,115,yes,no,unknown,28,may,78,4,-1,0,unknown,no
39,management,married,tertiary,no,1241,yes,no,cellular,5,jun,138,2,-1,0,unknown,no
34,admin.,married,secondary,no,155,no,no,cellular,5,feb,696,2,-1,0,unknown,yes
86,retired,married,primary,no,5236,no,no,telephone,1,apr,558,2,-1,0,unknown,yes
27,blue-collar,single,secondary,no,5563,yes,no,unknown,30,may,435,2,-1,0,unknown,no
38,entrepreneur,married,tertiary,no,1438,no,no,cellular,13,nov,122,5,-1,0,unknown,no
28,management,single,secondary,no,-513,no,yes,cellular,29,jul,95,8,-1,0,unknown,no
47,management,married,unknown,no,4189,yes,no,cellular,19,nov,489,3,-1,0,unknown,yes
49,unemployed,married,primary,yes,11,yes,no,telephone,31,jul,166,8,-1,0,unknown,no
36,technician,divorced,secondary,no,1451,yes,no,cellular,23,jul,192,4,93,17,other,yes
23,student,single,unknown,no,565,no,no,cellular,28,may,162,7,-1,0,unknown,no
36,management,married,tertiary,no,2326,yes,no,cellular,20,nov,7,5,-1,0,unknown,no
28,admin.,divorced,secondary,no,785,yes,no,unknown,8,may,442,2,-1,0,unknown,yes
51,blue-collar,married,primary,no,844,yes,no,unknown,29,may,184,3,-1,0,unknown,no
39,technician,single,tertiary,no,393,no,no,cellular,26,mar,281,1,-1,0,unknown,yes
27,admin.,single,unknown,no,861,no,no,cellular,14,jun,212,4,-1,0,unknown,yes
36,blue-collar,married,secondary,no,136,yes,no,unknown,4,jun,38,2,-1,0,unknown,no
40,blue-collar,married,secondary,no,5060,no,no,cellular,10,feb,154,2,93,1,success,yes
34,management,single,tertiary,no,9,no,no,cellular,11,jul,439,2,-1,0,unknown,no
54,admin.,married,secondary,no,0,no,no,cellular,28,jan,161,1,98,2,failure,yes
48,blue-collar,married,primary,no,1670,no,no,unknown,17,jun,145,1,-1,0,unknown,no
59,blue-collar,divorced,secondary,no,0,no,yes,cellular,15,jul,237,4,-1,0,unknown,no
43,technician,married,tertiary,no,2643,no,no,telephone,4,may,331,5,-1,0,unknown,yes
27,blue-collar,single,primary,no,265,yes,no,cellular,13,may,1119,2,-1,0,unknown,yes
43,blue-collar,single,primary,no,548,yes,no,unknown,7,may,98,1,-1,0,unknown,no
41,blue-collar,married,secondary,no,2717,yes,yes,cellular,24,jul,559,2,-1,0,unknown,no
35,blue-collar,married,secondary,no,67,no,no,unknown,20,may,60,6,-1,0,unknown,no
54,technician,married,tertiary,yes,337,yes,no,unknown,28,may,302,2,-1,0,unknown,no
31,services,divorced,primary,no,459,yes,no,cellular,7,may,623,1,293,1,success,yes
20,student,single,secondary,no,153,no,no,unknown,21,jun,100,1,-1,0,unknown,yes
58,retired,married,secondary,no,235,no,no,cellular,27,aug,88,4,-1,0,unknown,no
37,management,single,tertiary,no,455,yes,no,cellular,13,aug,904,6,-1,0,unknown,yes
46,self-employed,married,secondary,no,548,no,no,cellular,12,aug,1181,4,-1,0,unknown,yes
47,blue-collar,married,secondary,no,1125,yes,no,cellular,29,jan,1101,1,-1,0,unknown,yes
41,admin.,married,tertiary,no,5426,yes,no,unknown,14,may,149,2,-1,0,unknown,no
67,retired,married,primary,no,942,no,no,cellular,6,nov,455,2,84,2,other,yes
56,services,married,secondary,no,530,yes,no,unknown,20,may,51,7,-1,0,unknown,no
42,admin.,married,primary,no,-466,no,yes,telephone,31,jul,94,15,-1,0,unknown,no
56,entrepreneur,divorced,secondary,no,179,no,no,cellular,14,aug,47,2,-1,0,unknown,no
30,services,divorced,primary,no,459,yes,no,cellular,18,jul,494,1,-1,0,unknown,yes
37,technician,single,secondary,no,-242,yes,no,cellular,13,aug,1149,6,-1,0,unknown,yes
57,services,divorced,secondary,no,-752,yes,no,unknown,28,may,102,1,-1,0,unknown,no
58,retired,married,primary,no,5092,no,no,unknown,11,jun,199,6,-1,0,unknown,no
50,management,divorced,tertiary,no,810,no,no,cellular,15,sep,91,1,103,3,success,yes
32,services,single,secondary,no,659,yes,no,cellular,20,apr,12,6,-1,0,unknown,no
59,management,married,tertiary,no,2239,no,no,cellular,22,may,431,1,-1,0,unknown,yes
48,management,divorced,tertiary,no,174,no,no,cellular,6,aug,290,2,-1,0,unknown,no
38,technician,single,secondary,no,145,yes,no,unknown,27,may,109,2,-1,0,unknown,no
34,blue-collar,married,secondary,no,1089,yes,no,cellular,13,may,394,3,-1,0,unknown,yes
32,admin.,single,secondary,no,620,yes,no,unknown,26,may,1234,3,-1,0,unknown,yes
49,management,divorced,secondary,no,-46,yes,no,unknown,9,jun,1055,10,-1,0,unknown,yes
31,technician,single,tertiary,no,1109,no,no,cellular,5,feb,642,1,167,2,failure,yes
40,management,married,tertiary,no,0,no,no,cellular,22,aug,61,4,-1,0,unknown,no
41,admin.,married,secondary,no,120,no,yes,cellular,8,jul,489,1,-1,0,unknown,no
22,admin.,single,secondary,no,114,no,no,cellular,30,mar,517,1,-1,0,unknown,yes
31,unemployed,single,unknown,no,167,no,no,cellular,20,nov,316,1,-1,0,unknown,no
36,technician,single,secondary,no,12264,no,no,cellular,12,apr,158,2,-1,0,unknown,yes
59,technician,married,primary,no,3163,yes,no,unknown,29,may,240,2,-1,0,unknown,no
53,entrepreneur,married,tertiary,no,1129,no,yes,cellular,28,jul,241,8,-1,0,unknown,no
43,services,married,tertiary,no,519,yes,no,cellular,18,may,715,6,-1,0,unknown,no
34,blue-collar,single,secondary,no,2764,yes,no,cellular,13,may,158,1,357,1,failure,no
66,admin.,divorced,secondary,no,220,no,no,cellular,28,aug,283,1,-1,0,unknown,no
52,technician,married,secondary,no,234,no,no,cellular,17,nov,255,1,-1,0,unknown,yes
59,retired,divorced,secondary,no,514,no,no,cellular,4,may,673,6,90,1,success,yes
44,housemaid,married,secondary,no,192,no,no,unknown,11,jun,232,2,-1,0,unknown,no
27,blue-collar,single,primary,no,431,yes,no,unknown,15,may,286,2,-1,0,unknown,no
36,management,divorced,tertiary,no,649,no,no,cellular,16,jul,237,2,91,1,failure,no
58,management,married,tertiary,no,256,no,no,cellular,10,dec,422,1,188,3,success,yes
31,blue-collar,divorced,secondary,no,1125,no,yes,unknown,15,may,548,1,-1,0,unknown,no
55,retired,married,secondary,no,241,yes,no,unknown,20,jun,14,6,-1,0,unknown,no
56,unemployed,married,primary,no,3391,no,no,cellular,21,apr,243,1,-1,0,unknown,yes
60,retired,married,unknown,no,209,no,no,cellular,14,aug,391,3,106,1,failure,yes
35,blue-collar,married,secondary,no,-701,yes,yes,cellular,7,may,531,3,-1,0,unknown,no
28,technician,married,secondary,no,880,yes,no,unknown,26,may,188,1,-1,0,unknown,no
46,blue-collar,married,secondary,no,137,no,no,unknown,20,jun,252,3,-1,0,unknown,no
58,retired,divorced,secondary,no,1080,yes,no,cellular,29,jul,1058,2,-1,0,unknown,yes
52,entrepreneur,divorced,secondary,no,7,no,no,cellular,24,jul,150,5,-1,0,unknown,no
27,admin.,married,secondary,no,941,yes,no,cellular,11,jul,124,1,-1,0,unknown,no
34,student,single,unknown,no,2321,no,no,cellular,9,nov,600,2,99,5,failure,no
53,technician,single,secondary,no,-165,yes,no,cellular,9,jul,89,1,-1,0,unknown,no
32,entrepreneur,divorced,secondary,no,-934,yes,no,cellular,18,nov,50,1,-1,0,unknown,no
29,services,divorced,secondary,no,84,yes,no,cellular,13,apr,1101,2,-1,0,unknown,yes
37,admin.,married,secondary,no,2061,yes,yes,cellular,22,jun,459,1,109,3,failure,yes
45,management,single,tertiary,no,997,no,yes,cellular,19,nov,152,1,-1,0,unknown,no
48,management,married,tertiary,no,190,no,no,cellular,25,aug,14,22,-1,0,unknown,no
67,unknown,married,tertiary,no,7687,no,no,telephone,30,oct,70,3,-1,0,unknown,no
35,blue-collar,married,secondary,no,120,yes,no,unknown,28,may,245,2,-1,0,unknown,no
39,services,married,secondary,no,-971,yes,yes,unknown,28,may,104,2,-1,0,unknown,no
32,blue-collar,single,secondary,no,1342,yes,no,unknown,23,may,109,2,-1,0,unknown,no
45,housemaid,divorced,primary,no,221,no,no,cellular,2,feb,93,1,235,1,failure,no
42,services,married,secondary,no,1301,yes,no,cellular,21,jul,510,6,-1,0,unknown,no
49,services,married,secondary,no,1314,no,no,cellular,14,aug,834,14,-1,0,unknown,yes
28,admin.,single,secondary,no,-7,no,yes,unknown,26,jun,3183,2,-1,0,unknown,yes
42,technician,single,tertiary,no,2625,no,no,cellular,29,jul,2516,2,-1,0,unknown,yes
43,entrepreneur,single,tertiary,no,42,no,no,cellular,7,jul,285,1,-1,0,unknown,no
34,admin.,married,secondary,no,445,no,no,cellular,19,aug,256,2,-1,0,unknown,no
56,admin.,single,secondary,no,2815,yes,no,cellular,11,sep,212,1,-1,0,unknown,yes
50,blue-collar,married,primary,no,12519,yes,no,cellular,21,nov,615,3,34,1,failure,yes
50,housemaid,married,secondary,no,388,no,no,cellular,11,mar,203,2,-1,0,unknown,yes
35,management,married,tertiary,no,648,no,no,cellular,30,jul,674,2,-1,0,unknown,no
78,retired,married,unknown,no,38,no,no,telephone,4,aug,156,1,1,3,other,no
30,technician,single,tertiary,no,411,no,no,cellular,22,oct,127,3,149,2,failure,yes
46,services,married,secondary,no,0,no,no,cellular,18,aug,74,4,-1,0,unknown,no
31,technician,single,secondary,no,2388,no,no,cellular,5,aug,123,1,-1,0,unknown,no
31,services,single,secondary,no,900,yes,no,cellular,9,apr,221,2,140,6,failure,no
32,technician,single,tertiary,no,13711,yes,no,cellular,14,may,638,1,175,3,success,no
42,technician,married,secondary,no,4945,yes,no,cellular,2,mar,311,2,-1,0,unknown,yes
31,services,married,secondary,no,505,no,no,cellular,11,jul,773,3,-1,0,unknown,no
31,technician,single,secondary,no,271,yes,no,cellular,5,may,269,1,-1,0,unknown,no
47,admin.,single,secondary,no,3531,yes,no,cellular,7,jul,49,6,-1,0,unknown,no
26,student,single,secondary,no,2572,yes,no,cellular,5,may,620,1,-1,0,unknown,no
56,self-employed,married,tertiary,no,411,no,no,unknown,19,jun,145,4,-1,0,unknown,no
42,blue-collar,single,primary,no,1628,yes,no,cellular,25,jul,590,8,-1,0,unknown,yes
37,management,single,tertiary,no,102,yes,no,cellular,6,may,445,1,258,2,failure,yes
25,blue-collar,single,primary,no,292,yes,yes,cellular,18,may,1027,2,-1,0,unknown,yes
46,management,married,tertiary,no,1217,yes,no,unknown,15,may,236,1,-1,0,unknown,no
39,management,married,tertiary,no,1363,no,no,cellular,21,aug,294,3,-1,0,unknown,no
38,management,married,tertiary,no,76,yes,no,cellular,20,apr,167,2,287,3,failure,no
50,blue-collar,married,unknown,no,605,yes,no,unknown,15,may,200,1,-1,0,unknown,no
33,unemployed,married,secondary,no,1211,no,no,cellular,11,feb,535,1,188,1,success,yes
56,management,married,secondary,no,230,no,no,unknown,9,may,73,4,-1,0,unknown,no
43,management,married,tertiary,yes,0,no,no,cellular,27,aug,25,19,-1,0,unknown,no
39,blue-collar,married,secondary,no,1382,yes,no,cellular,12,aug,357,1,182,2,success,yes
53,admin.,single,primary,no,0,yes,no,cellular,7,may,176,1,322,5,other,no
34,management,married,tertiary,no,520,yes,no,cellular,12,aug,1307,4,-1,0,unknown,yes
53,technician,married,secondary,no,7984,yes,no,cellular,2,feb,151,1,-1,0,unknown,no
61,blue-collar,married,primary,no,5,no,no,cellular,6,aug,562,2,94,3,success,yes
40,management,married,tertiary,no,917,yes,no,unknown,20,may,292,1,-1,0,unknown,no
40,unemployed,married,secondary,no,1960,yes,no,unknown,2,jun,605,6,-1,0,unknown,yes
32,blue-collar,married,secondary,no,2089,yes,no,cellular,14,nov,132,1,-1,0,unknown,yes
33,technician,single,secondary,no,163,yes,no,cellular,20,aug,627,2,-1,0,unknown,yes
38,technician,married,tertiary,no,127,yes,no,cellular,14,oct,113,1,50,2,success,no
33,technician,married,secondary,no,8,no,no,cellular,29,aug,462,2,-1,0,unknown,no
30,unknown,single,unknown,no,6929,no,no,cellular,19,nov,341,1,-1,0,unknown,no
41,admin.,single,secondary,no,0,no,no,telephone,25,jul,286,2,-1,0,unknown,no
31,management,married,secondary,no,1064,no,no,telephone,20,nov,60,1,-1,0,unknown,no
35,technician,single,secondary,no,183,no,no,cellular,1,sep,516,2,130,2,failure,no
54,retired,married,secondary,no,522,no,yes,cellular,14,jul,81,3,-1,0,unknown,no
49,management,married,tertiary,no,2881,no,no,cellular,2,mar,120,3,-1,0,unknown,yes
29,blue-collar,single,secondary,no,0,no,no,cellular,6,feb,437,2,-1,0,unknown,no
39,admin.,married,secondary,no,260,yes,no,cellular,13,nov,226,1,94,4,success,yes
26,management,single,tertiary,no,170,no,no,cellular,15,jun,129,1,-1,0,unknown,yes
30,technician,married,secondary,no,207,yes,no,unknown,23,may,72,2,-1,0,unknown,no
52,services,married,unknown,no,482,yes,yes,cellular,28,jul,83,7,-1,0,unknown,no
47,management,married,tertiary,no,3663,no,no,cellular,30,mar,364,3,-1,0,unknown,yes
33,admin.,single,secondary,no,572,yes,no,cellular,14,apr,344,1,74,2,failure,yes
27,technician,single,secondary,no,1742,yes,no,unknown,16,may,787,1,-1,0,unknown,yes
37,unemployed,married,secondary,no,1978,no,no,cellular,9,sep,404,1,182,1,success,yes
70,retired,married,secondary,no,1853,no,no,telephone,26,aug,314,1,-1,0,unknown,yes
37,management,married,tertiary,no,1315,no,no,cellular,30,jun,224,1,-1,0,unknown,yes
31,admin.,single,secondary,no,81,yes,no,cellular,23,apr,215,2,165,11,other,no
33,management,single,tertiary,no,1271,yes,no,cellular,15,apr,636,3,330,1,failure,yes
60,retired,married,secondary,no,975,no,no,cellular,16,sep,303,1,792,1,failure,yes
57,blue-collar,married,unknown,no,807,yes,no,unknown,6,may,211,2,-1,0,unknown,no
85,retired,married,unknown,no,1934,no,no,telephone,12,jan,140,1,-1,0,unknown,no
30,technician,single,secondary,no,3286,yes,no,cellular,9,apr,743,1,-1,0,unknown,yes
48,blue-collar,married,primary,no,214,yes,yes,cellular,18,nov,246,1,162,1,failure,no
60,retired,married,primary,no,894,yes,no,unknown,15,may,65,7,-1,0,unknown,no
36,services,married,secondary,no,52,yes,no,cellular,5,mar,498,2,179,7,success,yes
26,blue-collar,married,secondary,no,895,yes,no,cellular,4,feb,820,3,-1,0,unknown,no
36,admin.,single,tertiary,no,980,no,no,cellular,30,jul,156,3,179,4,failure,no
39,technician,single,secondary,no,300,no,no,cellular,10,sep,315,6,394,1,failure,no
32,self-employed,divorced,tertiary,no,3695,yes,no,cellular,15,may,34,1,353,3,other,no
27,student,single,secondary,no,91,no,no,telephone,4,dec,157,6,95,37,other,no
60,management,married,tertiary,no,474,no,no,cellular,31,aug,415,5,186,3,other,yes
32,management,married,tertiary,no,794,yes,yes,cellular,9,jul,1014,1,-1,0,unknown,yes
25,blue-collar,single,primary,no,2483,no,no,cellular,10,jul,1499,3,-1,0,unknown,yes
44,management,single,tertiary,no,709,yes,no,cellular,19,nov,54,1,-1,0,unknown,no
38,technician,married,secondary,no,497,no,no,unknown,14,apr,173,1,-1,0,unknown,yes
57,retired,married,secondary,no,91,no,yes,unknown,3,jul,256,3,-1,0,unknown,no
43,management,divorced,tertiary,no,2367,no,no,cellular,22,mar,173,2,181,4,success,yes
30,services,married,secondary,no,292,yes,yes,cellular,15,apr,651,4,-1,0,unknown,no
40,blue-collar,single,unknown,no,24,yes,no,unknown,5,may,185,1,-1,0,unknown,no
41,unknown,single,unknown,no,942,no,no,cellular,27,oct,143,1,188,1,success,yes
35,technician,married,tertiary,no,1354,no,no,cellular,2,jun,250,2,-1,0,unknown,yes
50,retired,married,primary,no,29,no,no,unknown,20,jun,135,5,-1,0,unknown,no
29,management,single,tertiary,no,-11,yes,no,cellular,14,may,164,2,-1,0,unknown,no
32,management,married,tertiary,no,4733,no,no,cellular,30,apr,532,1,-1,0,unknown,yes
30,technician,single,tertiary,no,1,no,no,cellular,20,aug,88,2,-1,0,unknown,no
29,management,single,tertiary,no,985,yes,no,cellular,23,jul,396,2,-1,0,unknown,yes
39,admin.,married,secondary,no,1595,yes,no,unknown,5,jun,102,2,-1,0,unknown,no
36,management,single,secondary,no,0,no,no,cellular,13,aug,333,5,-1,0,unknown,no
56,services,married,secondary,no,1989,no,no,cellular,3,feb,336,2,281,2,failure,yes
42,blue-collar,single,secondary,no,625,no,no,unknown,19,jun,651,3,-1,0,unknown,yes
52,technician,married,secondary,no,386,no,no,cellular,20,apr,438,1,-1,0,unknown,yes
51,retired,married,primary,no,67,no,no,unknown,18,jun,835,1,-1,0,unknown,yes
51,management,married,tertiary,no,0,yes,yes,cellular,19,aug,263,1,84,1,other,no
29,technician,divorced,secondary,no,328,yes,yes,cellular,4,feb,25,1,-1,0,unknown,no
39,services,married,secondary,no,53,no,no,unknown,5,mar,257,1,394,1,failure,yes
30,technician,married,tertiary,no,141,no,no,cellular,29,jan,166,2,-1,0,unknown,no
55,management,divorced,tertiary,no,2383,no,no,cellular,3,jun,591,2,-1,0,unknown,yes
35,technician,single,secondary,no,4645,yes,no,cellular,11,jan,502,3,270,40,other,no
31,management,divorced,tertiary,no,373,no,no,cellular,10,feb,132,6,-1,0,unknown,yes
28,management,single,secondary,no,171,no,no,cellular,5,jun,324,1,87,1,success,yes
38,blue-collar,married,secondary,no,0,no,no,unknown,20,jun,152,5,-1,0,unknown,no
37,blue-collar,married,secondary,no,-57,yes,yes,cellular,7,may,55,5,-1,0,unknown,no
33,management,single,secondary,no,0,no,no,unknown,20,may,190,2,-1,0,unknown,no
26,unemployed,single,secondary,no,632,no,no,cellular,12,feb,218,1,-1,0,unknown,yes
31,blue-collar,single,secondary,no,573,yes,no,telephone,5,feb,58,1,269,2,failure,no
22,housemaid,single,secondary,no,1796,no,no,cellular,28,jun,369,3,-1,0,unknown,yes
31,management,single,tertiary,no,3340,no,no,cellular,15,sep,213,2,469,3,success,yes
46,technician,married,secondary,no,363,yes,no,cellular,6,aug,209,3,-1,0,unknown,no
36,services,single,tertiary,no,1189,no,no,cellular,17,aug,220,1,-1,0,unknown,yes
39,management,married,tertiary,no,1654,no,yes,cellular,21,nov,151,1,-1,0,unknown,no
68,retired,single,tertiary,no,2144,no,no,cellular,22,oct,277,1,184,2,success,yes
38,services,married,secondary,no,-762,yes,yes,unknown,30,may,408,2,-1,0,unknown,no
35,management,single,tertiary,no,18111,no,no,cellular,14,aug,172,4,-1,0,unknown,yes
29,self-employed,single,tertiary,no,300,no,no,cellular,3,feb,125,1,-1,0,unknown,no
52,entrepreneur,married,primary,no,8298,yes,yes,unknown,28,may,123,18,-1,0,unknown,no
51,blue-collar,divorced,primary,no,-19,yes,no,cellular,13,may,829,1,296,11,failure,yes
32,management,married,tertiary,no,62,yes,no,cellular,14,may,166,1,-1,0,unknown,no
50,services,married,secondary,no,77,no,no,cellular,27,may,138,2,-1,0,unknown,no
35,technician,married,secondary,no,0,no,no,cellular,14,jul,125,2,-1,0,unknown,no
52,technician,married,secondary,no,136,no,no,cellular,28,aug,88,5,-1,0,unknown,no
32,management,married,tertiary,no,1636,yes,no,cellular,18,nov,124,1,-1,0,unknown,no
59,management,married,secondary,no,1321,no,no,unknown,9,jun,3881,3,-1,0,unknown,yes
46,management,divorced,tertiary,no,558,no,no,cellular,6,jul,319,1,-1,0,unknown,yes
30,management,single,tertiary,no,502,no,no,cellular,11,oct,463,3,95,6,success,yes
60,retired,divorced,tertiary,no,4,yes,no,cellular,2,dec,415,1,190,5,failure,yes
39,management,married,tertiary,no,937,no,no,cellular,16,apr,144,4,-1,0,unknown,yes
26,admin.,single,secondary,no,96,no,no,cellular,11,aug,349,1,70,3,failure,yes
40,management,married,secondary,no,406,yes,no,unknown,12,jun,577,2,-1,0,unknown,yes
60,retired,married,tertiary,no,2194,yes,no,telephone,20,apr,31,3,263,9,failure,no
33,blue-collar,single,secondary,no,498,no,no,cellular,30,apr,301,1,-1,0,unknown,yes
38,unemployed,divorced,secondary,no,189,yes,yes,cellular,21,jul,105,2,-1,0,unknown,no
36,blue-collar,single,tertiary,no,1830,no,no,cellular,14,oct,183,1,91,11,failure,no
43,blue-collar,divorced,primary,no,3550,no,no,cellular,20,nov,1154,1,-1,0,unknown,yes
28,admin.,married,tertiary,no,167,yes,yes,cellular,18,feb,126,2,-1,0,unknown,no
32,technician,divorced,secondary,no,1097,yes,no,unknown,12,may,298,2,-1,0,unknown,no
30,self-employed,married,tertiary,no,1785,no,no,unknown,17,oct,235,1,-1,0,unknown,yes
57,retired,married,secondary,no,168,no,no,cellular,7,aug,342,1,-1,0,unknown,yes
50,blue-collar,married,primary,no,383,no,no,telephone,2,oct,382,2,-1,0,unknown,no
31,services,single,secondary,no,91,yes,no,cellular,18,may,111,2,-1,0,unknown,no
32,technician,single,tertiary,no,6746,no,no,cellular,11,nov,199,1,-1,0,unknown,yes
46,admin.,divorced,secondary,no,3201,yes,no,telephone,13,may,157,3,-1,0,unknown,no
60,retired,divorced,tertiary,no,380,no,no,cellular,21,jul,219,1,-1,0,unknown,no
45,technician,married,secondary,no,1998,no,no,cellular,4,may,237,5,-1,0,unknown,yes
48,blue-collar,married,primary,no,51,no,yes,telephone,9,jul,76,1,-1,0,unknown,no
26,admin.,single,secondary,no,766,no,no,cellular,15,oct,457,2,-1,0,unknown,yes
18,student,single,unknown,no,108,no,no,cellular,10,aug,167,1,-1,0,unknown,yes
57,retired,married,secondary,no,485,no,no,cellular,2,feb,79,2,187,2,failure,no
35,self-employed,married,secondary,no,28,no,yes,unknown,2,jul,159,3,-1,0,unknown,no
39,services,married,secondary,no,52,no,no,telephone,2,feb,1420,3,-1,0,unknown,yes
52,services,married,primary,no,306,yes,no,cellular,13,may,650,5,-1,0,unknown,yes
31,technician,married,unknown,no,14533,no,no,cellular,16,jun,245,2,-1,0,unknown,yes
49,technician,divorced,secondary,no,972,no,no,cellular,16,nov,104,3,175,2,failure,no
58,management,married,tertiary,no,1318,no,no,cellular,16,jul,184,1,179,5,failure,no
40,blue-collar,married,secondary,no,1451,no,no,cellular,1,jun,314,1,-1,0,unknown,yes
44,technician,single,secondary,no,250,no,no,telephone,2,mar,382,2,-1,0,unknown,yes
37,technician,single,secondary,no,228,yes,no,cellular,20,aug,1740,2,-1,0,unknown,no
33,technician,single,secondary,no,-479,no,no,cellular,7,aug,235,1,-1,0,unknown,no
33,unemployed,married,secondary,no,1211,no,no,cellular,7,aug,456,1,-1,0,unknown,yes
72,retired,married,secondary,no,1533,no,no,cellular,16,dec,546,2,-1,0,unknown,yes
37,management,married,tertiary,no,5432,yes,yes,unknown,20,may,774,1,-1,0,unknown,no
28,management,married,tertiary,no,12,yes,no,cellular,9,sep,202,1,-1,0,unknown,yes
60,technician,married,secondary,no,294,no,no,telephone,3,jun,206,4,-1,0,unknown,yes
46,management,married,tertiary,no,273,yes,no,cellular,18,mar,910,2,184,4,success,yes
31,technician,married,secondary,yes,-367,yes,no,cellular,18,jul,474,2,-1,0,unknown,yes
33,admin.,single,tertiary,no,272,yes,no,cellular,1,sep,293,2,92,3,success,yes
42,technician,married,tertiary,no,1079,no,no,cellular,31,jul,61,2,-1,0,unknown,no
22,student,single,secondary,no,2162,no,no,telephone,2,feb,168,1,-1,0,unknown,no
44,admin.,married,secondary,no,1074,yes,no,cellular,11,jul,911,2,-1,0,unknown,yes
38,services,married,secondary,no,968,yes,no,cellular,6,apr,272,1,-1,0,unknown,no
48,blue-collar,married,primary,no,5366,yes,no,unknown,21,may,248,3,-1,0,unknown,no
47,housemaid,married,secondary,no,2524,no,no,cellular,12,oct,105,1,-1,0,unknown,yes
32,services,single,secondary,no,72,no,no,cellular,28,jul,88,9,-1,0,unknown,no
54,unemployed,divorced,secondary,no,1664,no,no,cellular,2,jun,257,3,-1,0,unknown,yes
32,technician,single,tertiary,no,723,no,no,cellular,28,aug,68,27,-1,0,unknown,no
47,blue-collar,married,primary,no,328,yes,no,cellular,7,may,58,1,-1,0,unknown,no
47,blue-collar,married,secondary,no,1612,yes,no,cellular,2,apr,1164,1,-1,0,unknown,yes
57,retired,divorced,primary,yes,0,no,yes,cellular,24,jul,125,2,-1,0,unknown,no
49,services,married,secondary,no,1114,no,no,cellular,17,nov,283,1,-1,0,unknown,no
36,housemaid,married,primary,no,78,yes,no,telephone,30,jul,2692,9,-1,0,unknown,yes
49,services,married,secondary,no,823,no,no,cellular,8,aug,780,4,-1,0,unknown,yes
43,technician,married,secondary,no,1358,no,no,cellular,10,mar,159,3,-1,0,unknown,yes
40,blue-collar,married,secondary,no,-60,yes,no,cellular,21,jul,250,1,-1,0,unknown,no
31,entrepreneur,single,secondary,no,131,yes,no,cellular,21,jul,157,1,-1,0,unknown,no
36,management,single,tertiary,no,4,yes,no,cellular,7,jul,529,1,61,3,success,no
32,management,married,tertiary,no,393,no,no,cellular,28,jan,458,2,-1,0,unknown,no
26,services,single,secondary,no,901,yes,no,unknown,26,may,764,2,-1,0,unknown,yes
40,management,married,tertiary,no,4539,no,no,cellular,13,jul,256,3,439,1,failure,yes
32,services,single,secondary,no,2615,no,no,cellular,19,nov,853,1,-1,0,unknown,yes
43,management,single,secondary,no,109,yes,no,unknown,27,may,64,3,-1,0,unknown,no
32,management,single,tertiary,no,111,yes,no,unknown,8,may,162,2,-1,0,unknown,no
44,technician,married,primary,no,755,no,yes,cellular,31,jul,829,4,-1,0,unknown,yes
33,management,single,tertiary,no,0,no,no,unknown,27,may,277,1,-1,0,unknown,no
65,management,divorced,tertiary,no,2756,no,no,cellular,23,sep,1353,2,-1,0,unknown,no
39,self-employed,single,tertiary,no,426,no,no,unknown,18,jun,1029,1,-1,0,unknown,yes
34,technician,single,secondary,no,440,yes,no,cellular,6,may,445,2,345,2,failure,no
52,technician,married,tertiary,no,876,no,no,cellular,4,may,601,3,-1,0,unknown,yes
29,services,single,secondary,no,84,no,yes,unknown,3,jul,587,3,-1,0,unknown,yes
35,management,married,tertiary,no,495,no,no,cellular,30,apr,266,1,87,1,failure,yes
31,self-employed,married,secondary,no,157,yes,no,unknown,19,may,285,1,-1,0,unknown,no
30,student,single,secondary,no,48,no,no,cellular,18,aug,161,1,173,1,failure,yes
56,management,married,tertiary,no,0,no,no,cellular,19,nov,844,2,-1,0,unknown,no
87,retired,divorced,primary,no,6746,no,no,telephone,21,oct,749,1,-1,0,unknown,yes
31,student,single,secondary,no,216,no,no,cellular,3,jun,138,1,-1,0,unknown,no
64,self-employed,married,tertiary,no,661,no,no,cellular,21,dec,367,2,294,2,failure,yes
52,retired,married,tertiary,no,350,no,yes,cellular,9,jul,156,1,-1,0,unknown,no
53,technician,married,secondary,no,284,no,no,cellular,1,jun,781,1,-1,0,unknown,yes
74,retired,divorced,secondary,no,4079,no,no,cellular,19,oct,343,3,-1,0,unknown,yes
28,blue-collar,single,tertiary,no,1984,yes,no,cellular,4,may,32,2,14,1,failure,no
48,entrepreneur,single,secondary,no,315,no,no,unknown,11,feb,271,1,-1,0,unknown,yes
36,services,married,primary,no,92,yes,no,cellular,5,jun,244,7,-1,0,unknown,yes
29,blue-collar,married,primary,no,-382,yes,no,cellular,28,jul,35,2,-1,0,unknown,no
31,unemployed,single,secondary,no,582,yes,no,cellular,5,jun,548,2,-1,0,unknown,yes
41,blue-collar,married,primary,no,3658,yes,no,cellular,9,apr,268,1,330,1,failure,no
55,entrepreneur,married,secondary,no,113,yes,no,unknown,12,jun,186,1,-1,0,unknown,no
36,management,married,tertiary,no,9324,yes,no,cellular,30,mar,138,8,-1,0,unknown,no
44,technician,married,tertiary,no,1818,yes,yes,cellular,30,apr,247,1,-1,0,unknown,no
34,technician,divorced,tertiary,no,66,no,yes,cellular,5,feb,102,1,170,2,failure,no
54,retired,married,primary,no,136,yes,no,cellular,3,apr,352,1,332,2,failure,no
60,retired,married,tertiary,no,2557,yes,no,cellular,2,feb,415,1,-1,0,unknown,yes
38,management,married,tertiary,no,1308,yes,no,cellular,2,feb,626,1,-1,0,unknown,yes
45,blue-collar,divorced,primary,no,594,yes,no,unknown,29,may,833,2,-1,0,unknown,yes
32,blue-collar,single,secondary,no,232,no,no,unknown,13,dec,232,1,-1,0,unknown,no
56,retired,married,secondary,no,415,no,no,cellular,22,aug,158,2,-1,0,unknown,no
33,admin.,married,secondary,no,920,no,no,cellular,30,apr,344,1,-1,0,unknown,yes
37,entrepreneur,married,tertiary,no,1649,no,yes,cellular,1,jul,140,3,-1,0,unknown,yes
47,blue-collar,married,primary,no,193,yes,no,cellular,29,aug,171,2,-1,0,unknown,no
47,admin.,married,secondary,no,3676,no,no,cellular,15,jul,415,2,342,1,other,yes
26,services,divorced,primary,no,633,yes,no,unknown,27,may,326,2,-1,0,unknown,no
59,retired,divorced,primary,no,81,yes,no,unknown,5,may,107,1,-1,0,unknown,no
49,blue-collar,married,secondary,no,90,yes,no,unknown,7,may,127,1,-1,0,unknown,no
59,retired,married,primary,no,1634,yes,yes,cellular,5,aug,836,1,-1,0,unknown,yes
49,blue-collar,married,secondary,no,0,no,yes,cellular,9,jul,625,1,-1,0,unknown,yes
54,unemployed,married,secondary,no,582,yes,no,cellular,15,may,693,5,372,2,failure,yes
35,management,divorced,tertiary,no,26,no,no,cellular,16,apr,78,2,-1,0,unknown,yes
56,blue-collar,married,primary,no,136,no,no,cellular,4,aug,270,1,-1,0,unknown,no
62,management,married,tertiary,no,997,no,no,cellular,22,apr,554,1,304,2,success,yes
39,technician,married,secondary,no,2266,no,no,cellular,18,feb,208,4,-1,0,unknown,yes
44,technician,single,tertiary,no,643,no,no,cellular,16,oct,324,1,143,3,failure,yes
72,retired,married,primary,no,2304,no,no,telephone,5,may,510,4,-1,0,unknown,yes
26,unemployed,married,secondary,no,285,yes,no,cellular,6,may,265,2,342,2,failure,no
25,blue-collar,single,secondary,no,2007,no,no,cellular,12,jan,265,2,-1,0,unknown,yes
43,management,married,primary,no,62,yes,no,cellular,14,may,133,1,300,3,failure,no
50,blue-collar,married,secondary,no,3558,no,no,cellular,26,aug,84,10,-1,0,unknown,no
57,unemployed,married,secondary,no,1350,no,no,cellular,25,jun,131,1,388,1,failure,no
33,technician,single,tertiary,no,68,no,no,cellular,14,aug,96,2,-1,0,unknown,no
32,blue-collar,married,primary,no,-94,yes,yes,cellular,11,may,308,1,-1,0,unknown,no
27,technician,married,secondary,no,-392,yes,no,cellular,23,jul,228,2,-1,0,unknown,yes
30,technician,single,tertiary,no,3086,yes,no,cellular,7,may,84,3,168,1,failure,no
37,services,single,secondary,no,1045,no,no,cellular,17,mar,406,2,41,1,failure,yes
72,self-employed,married,tertiary,no,132,no,no,cellular,1,jul,260,2,65,1,success,yes
32,entrepreneur,married,unknown,no,73,yes,no,cellular,21,nov,158,1,135,1,failure,no
68,retired,married,secondary,no,1146,no,no,cellular,13,may,356,1,71,5,success,yes
40,blue-collar,married,secondary,no,0,yes,no,unknown,16,may,167,2,-1,0,unknown,no
31,services,married,secondary,no,0,yes,no,cellular,29,jan,224,2,-1,0,unknown,no
68,retired,divorced,primary,no,695,no,no,cellular,9,apr,233,1,-1,0,unknown,yes
21,unemployed,single,secondary,no,1333,no,no,cellular,2,feb,120,1,-1,0,unknown,no
48,admin.,married,secondary,no,0,yes,no,cellular,17,jul,109,4,-1,0,unknown,no
45,blue-collar,married,secondary,no,7895,yes,no,cellular,4,feb,872,1,-1,0,unknown,yes
52,technician,married,secondary,no,1490,no,yes,unknown,17,jun,420,4,-1,0,unknown,no
25,admin.,single,tertiary,no,1185,no,no,cellular,7,oct,290,1,114,1,failure,yes
25,management,married,tertiary,no,-242,yes,yes,cellular,18,may,600,4,332,4,other,yes
39,blue-collar,married,primary,no,2226,yes,no,unknown,6,may,158,1,-1,0,unknown,no
74,retired,married,tertiary,no,1843,no,no,cellular,15,sep,251,2,184,3,success,yes
44,management,married,unknown,no,2982,no,no,unknown,16,jun,55,2,-1,0,unknown,no
25,services,married,secondary,no,50,yes,no,unknown,5,may,342,1,-1,0,unknown,no
40,services,single,secondary,no,316,no,no,unknown,11,jun,122,5,-1,0,unknown,no
40,services,single,secondary,no,1038,no,no,unknown,5,jun,741,1,-1,0,unknown,no
45,blue-collar,married,secondary,no,105,yes,yes,unknown,13,may,119,1,-1,0,unknown,no
78,retired,divorced,unknown,no,2628,no,no,telephone,14,apr,129,2,-1,0,unknown,no
39,self-employed,married,tertiary,no,2630,no,no,unknown,12,jun,651,5,-1,0,unknown,yes
31,technician,single,secondary,no,354,no,yes,cellular,22,aug,186,2,-1,0,unknown,no
56,housemaid,married,primary,no,445,no,no,cellular,21,nov,13,6,-1,0,unknown,no
23,technician,single,secondary,no,598,no,no,cellular,30,apr,166,1,-1,0,unknown,no
30,technician,single,primary,no,2731,yes,no,cellular,14,apr,314,1,-1,0,unknown,no
45,entrepreneur,married,primary,no,5315,yes,yes,cellular,15,may,262,2,-1,0,unknown,no
37,services,married,secondary,no,2678,no,no,cellular,25,mar,156,1,-1,0,unknown,yes
50,blue-collar,married,primary,no,334,no,no,cellular,27,aug,79,3,-1,0,unknown,no
63,self-employed,married,tertiary,no,-39,no,no,cellular,1,apr,387,2,-1,0,unknown,yes
46,self-employed,single,primary,no,2032,no,no,cellular,30,jul,424,2,-1,0,unknown,no
50,management,married,tertiary,no,-516,yes,no,unknown,15,may,226,2,-1,0,unknown,no
34,management,married,tertiary,no,73,no,no,cellular,4,feb,426,2,-1,0,unknown,yes
51,blue-collar,married,secondary,no,568,yes,no,unknown,4,jun,37,1,-1,0,unknown,no
49,admin.,married,secondary,no,880,yes,yes,cellular,18,may,22,3,-1,0,unknown,no
28,blue-collar,married,secondary,no,61,yes,no,cellular,11,feb,253,1,174,4,success,yes
45,management,married,tertiary,no,226,yes,no,cellular,15,feb,91,4,185,6,success,yes
31,management,single,tertiary,no,2734,yes,no,cellular,15,may,858,3,-1,0,unknown,yes
26,services,single,secondary,no,162,yes,no,cellular,2,mar,185,2,130,8,other,no
53,blue-collar,married,secondary,no,0,yes,no,cellular,7,may,407,2,-1,0,unknown,no
50,technician,divorced,unknown,no,2794,no,no,cellular,12,aug,1336,2,-1,0,unknown,yes
48,management,single,tertiary,no,159,no,no,telephone,7,jul,229,1,251,6,success,yes
30,technician,single,tertiary,no,655,no,no,cellular,26,apr,212,1,202,2,success,yes
36,management,married,tertiary,no,-92,no,yes,cellular,18,nov,196,3,-1,0,unknown,no
36,technician,married,secondary,no,15485,no,no,cellular,14,apr,461,1,-1,0,unknown,yes
36,management,married,tertiary,no,1113,no,no,cellular,1,sep,212,1,-1,0,unknown,yes
37,self-employed,married,secondary,no,744,yes,yes,cellular,21,aug,161,3,-1,0,unknown,no
30,management,single,tertiary,no,596,no,no,cellular,4,jun,125,2,-1,0,unknown,no
61,retired,married,secondary,no,2917,no,no,cellular,6,oct,215,1,-1,0,unknown,yes
44,services,married,secondary,no,5781,yes,yes,cellular,15,may,195,1,-1,0,unknown,no
33,entrepreneur,married,secondary,no,137,yes,no,cellular,15,jul,136,3,-1,0,unknown,no
31,student,single,secondary,no,1776,no,no,cellular,15,jun,220,1,207,1,other,yes
28,blue-collar,married,secondary,no,2788,yes,no,unknown,6,jun,369,2,-1,0,unknown,yes
45,technician,divorced,tertiary,no,206,no,no,cellular,13,aug,376,4,-1,0,unknown,no
56,blue-collar,married,unknown,no,665,yes,no,unknown,20,jun,109,2,-1,0,unknown,no
45,admin.,married,secondary,no,5346,yes,yes,unknown,21,oct,187,1,-1,0,unknown,yes
43,admin.,single,secondary,no,6,no,no,unknown,16,may,244,1,-1,0,unknown,no
30,management,single,tertiary,no,1675,no,no,cellular,4,sep,181,1,-1,0,unknown,no
59,admin.,married,secondary,no,2145,no,no,telephone,17,nov,273,2,-1,0,unknown,no
69,retired,married,primary,no,2346,no,no,cellular,11,feb,354,2,-1,0,unknown,yes
28,management,single,tertiary,no,4013,yes,no,unknown,4,jun,386,1,-1,0,unknown,no
35,technician,single,tertiary,no,2453,yes,no,cellular,13,aug,119,2,-1,0,unknown,no
33,management,married,tertiary,no,71,no,no,cellular,16,nov,136,1,287,1,failure,no
28,technician,single,secondary,no,981,yes,no,cellular,24,jul,225,1,-1,0,unknown,no
38,blue-collar,married,primary,no,1852,yes,no,cellular,13,may,606,1,-1,0,unknown,yes
52,management,married,tertiary,no,4358,no,no,telephone,31,jul,30,7,-1,0,unknown,no
50,management,married,tertiary,no,5969,no,no,cellular,25,jan,455,1,544,2,failure,yes
44,services,married,secondary,no,983,no,no,cellular,28,jan,123,1,-1,0,unknown,no
30,technician,single,secondary,no,3096,yes,no,cellular,11,aug,272,4,-1,0,unknown,no
28,services,single,secondary,no,340,yes,no,cellular,24,jul,821,2,-1,0,unknown,yes
42,blue-collar,single,primary,no,92,no,no,cellular,30,jul,86,2,-1,0,unknown,no
52,unemployed,married,primary,no,1724,no,no,cellular,29,jan,73,1,-1,0,unknown,no
35,management,married,secondary,no,339,yes,no,unknown,23,may,317,1,-1,0,unknown,no
38,management,married,tertiary,no,165,yes,no,cellular,17,apr,526,1,260,2,other,yes
39,services,single,secondary,no,26,yes,no,cellular,14,may,166,3,-1,0,unknown,no
33,management,single,tertiary,no,718,yes,no,cellular,6,apr,122,1,98,2,success,yes
35,technician,single,secondary,no,1227,no,no,cellular,18,mar,593,4,90,6,other,yes
57,management,married,tertiary,no,9103,no,yes,unknown,20,jun,1098,2,-1,0,unknown,yes
48,blue-collar,married,primary,yes,-50,yes,no,cellular,14,may,212,6,-1,0,unknown,no
30,self-employed,single,tertiary,no,251,no,no,cellular,12,jul,537,1,-1,0,unknown,yes
72,retired,married,unknown,no,1940,no,no,telephone,4,dec,705,2,-1,0,unknown,yes
37,technician,married,secondary,no,24,yes,no,cellular,13,aug,136,1,105,2,failure,no
43,blue-collar,married,primary,no,8,no,no,telephone,7,jul,245,5,-1,0,unknown,no
40,services,married,secondary,no,113,yes,no,unknown,4,jun,126,1,-1,0,unknown,no
42,unemployed,married,tertiary,no,0,no,no,cellular,8,oct,113,1,-1,0,unknown,no
53,entrepreneur,single,unknown,no,717,no,no,cellular,30,jul,594,2,-1,0,unknown,no
47,management,single,tertiary,no,334,yes,no,cellular,28,jun,614,3,94,9,success,yes
31,admin.,single,secondary,no,747,yes,no,unknown,26,may,543,2,-1,0,unknown,yes
64,retired,married,tertiary,no,1644,no,no,telephone,7,sep,569,4,-1,0,unknown,yes
56,services,married,secondary,no,1989,no,no,cellular,3,aug,279,4,181,4,success,yes
33,technician,single,tertiary,no,109,yes,yes,cellular,25,may,601,2,10,7,failure,yes
61,self-employed,married,tertiary,no,10861,no,no,cellular,25,oct,225,1,91,5,success,yes
58,retired,divorced,unknown,no,5920,yes,no,cellular,21,nov,96,1,121,1,failure,no
40,management,single,unknown,no,838,yes,no,unknown,12,may,619,3,-1,0,unknown,no
47,admin.,single,secondary,no,594,yes,no,unknown,7,may,161,1,-1,0,unknown,no
43,retired,married,primary,no,7298,no,no,unknown,11,jun,36,2,-1,0,unknown,no
38,blue-collar,single,primary,no,1583,yes,no,cellular,15,may,386,1,-1,0,unknown,no
35,self-employed,married,tertiary,yes,28,no,yes,cellular,8,jul,259,1,-1,0,unknown,no
47,technician,married,secondary,no,1233,yes,no,unknown,11,sep,91,1,100,2,other,yes
36,entrepreneur,married,tertiary,no,3057,no,no,unknown,16,jun,2769,4,-1,0,unknown,yes
39,technician,divorced,secondary,no,291,yes,no,cellular,7,may,882,2,-1,0,unknown,yes
33,technician,married,secondary,no,303,yes,no,cellular,3,feb,355,1,301,5,success,yes
30,technician,single,tertiary,no,3291,yes,no,unknown,19,may,1218,3,-1,0,unknown,yes
44,management,married,tertiary,no,4087,yes,no,unknown,19,may,457,5,-1,0,unknown,no
35,services,married,secondary,no,1728,yes,no,cellular,17,apr,865,1,-1,0,unknown,no
36,blue-collar,married,primary,no,106,yes,no,cellular,29,jul,171,13,-1,0,unknown,no
42,technician,married,secondary,no,1865,yes,no,unknown,15,may,164,1,-1,0,unknown,no
39,admin.,single,secondary,no,2345,yes,no,cellular,8,may,491,2,344,2,failure,yes
33,services,single,secondary,no,489,yes,no,cellular,4,may,297,4,334,1,other,yes
32,management,single,tertiary,no,522,no,no,cellular,22,aug,576,2,-1,0,unknown,yes
21,student,single,primary,no,423,no,no,telephone,18,jan,287,5,285,5,success,yes
29,blue-collar,married,secondary,no,580,yes,yes,cellular,17,apr,1311,2,-1,0,unknown,yes
29,admin.,divorced,secondary,no,504,yes,no,cellular,7,may,203,1,-1,0,unknown,no
50,management,married,tertiary,no,1396,no,no,cellular,25,aug,731,6,-1,0,unknown,yes
30,management,married,tertiary,no,7,yes,no,cellular,28,aug,173,1,164,4,other,yes
31,technician,single,tertiary,no,1081,no,no,cellular,24,apr,202,5,261,2,failure,yes
62,retired,married,unknown,no,800,no,no,cellular,17,feb,737,1,-1,0,unknown,yes
55,management,married,tertiary,no,171,yes,no,cellular,8,aug,73,6,-1,0,unknown,no
33,blue-collar,married,secondary,no,0,yes,no,unknown,21,may,521,3,-1,0,unknown,yes
42,technician,married,tertiary,no,14282,yes,no,cellular,6,aug,649,4,-1,0,unknown,yes
44,blue-collar,married,primary,no,6,no,no,cellular,10,jul,338,9,-1,0,unknown,no
35,admin.,married,secondary,no,-244,yes,yes,cellular,6,may,118,1,-1,0,unknown,no
39,unemployed,single,tertiary,no,7,yes,no,cellular,20,nov,931,4,-1,0,unknown,yes
38,blue-collar,married,primary,no,467,yes,no,unknown,16,may,379,1,-1,0,unknown,no
29,self-employed,single,tertiary,no,805,no,no,cellular,23,feb,132,1,103,7,failure,yes
31,technician,married,secondary,no,684,yes,no,cellular,7,dec,620,3,-1,0,unknown,yes
53,technician,married,secondary,no,6831,no,no,cellular,13,may,1130,2,-1,0,unknown,yes
24,management,single,secondary,no,86,no,no,unknown,2,jun,1075,2,-1,0,unknown,no
59,retired,married,primary,no,3648,no,no,telephone,19,jun,1321,3,-1,0,unknown,yes
41,self-employed,married,secondary,no,323,yes,no,cellular,17,apr,949,2,254,6,other,yes
33,blue-collar,married,secondary,no,661,yes,no,cellular,18,jul,968,1,-1,0,unknown,yes
46,management,single,tertiary,no,593,yes,no,cellular,29,jan,190,3,-1,0,unknown,no
44,blue-collar,married,secondary,no,2885,yes,no,unknown,30,may,63,3,-1,0,unknown,no
47,admin.,married,secondary,no,663,yes,yes,cellular,12,may,409,1,274,6,other,yes
48,blue-collar,married,secondary,no,480,yes,no,cellular,15,may,830,1,352,2,failure,yes
28,management,single,tertiary,no,223,yes,no,cellular,1,jun,303,1,278,3,success,yes
37,management,single,tertiary,no,600,yes,no,cellular,17,nov,116,2,196,1,failure,no
32,management,single,tertiary,no,728,yes,no,unknown,21,may,125,1,-1,0,unknown,no
44,services,married,secondary,no,191,yes,yes,cellular,7,may,490,1,-1,0,unknown,no
29,admin.,married,tertiary,no,167,yes,yes,cellular,13,oct,357,2,237,2,failure,no
52,entrepreneur,married,tertiary,yes,-468,no,no,cellular,8,jul,534,1,-1,0,unknown,yes
54,technician,divorced,secondary,no,83,yes,no,unknown,6,may,190,3,-1,0,unknown,no
43,management,divorced,unknown,no,7702,no,no,cellular,22,may,460,1,95,2,success,yes
20,student,single,unknown,no,801,no,no,cellular,11,nov,244,2,-1,0,unknown,yes
35,technician,married,tertiary,no,4,yes,no,cellular,14,may,88,1,-1,0,unknown,no
29,blue-collar,single,secondary,no,322,no,no,unknown,14,jun,434,1,96,6,other,yes
32,management,single,tertiary,no,20,no,no,cellular,14,aug,1151,2,-1,0,unknown,yes
39,admin.,divorced,secondary,no,112,no,no,cellular,16,sep,574,3,-1,0,unknown,yes
48,management,divorced,unknown,no,549,yes,no,unknown,6,may,427,1,-1,0,unknown,no
40,technician,single,secondary,no,153,no,no,cellular,7,aug,125,2,-1,0,unknown,no
52,management,married,secondary,no,0,yes,yes,unknown,27,may,62,13,-1,0,unknown,no
41,technician,married,secondary,no,1788,no,no,cellular,28,aug,222,1,-1,0,unknown,no
34,services,married,primary,no,31,no,yes,cellular,9,jul,53,3,-1,0,unknown,no
32,technician,single,tertiary,no,932,yes,no,cellular,16,apr,944,1,318,1,failure,yes
46,admin.,married,secondary,no,556,yes,yes,unknown,15,may,646,3,-1,0,unknown,yes
36,technician,married,secondary,no,22,no,no,unknown,6,jun,464,1,-1,0,unknown,no
38,blue-collar,single,secondary,no,-56,yes,yes,unknown,6,jun,247,2,-1,0,unknown,no
39,services,married,secondary,no,2,yes,no,cellular,25,jul,174,10,-1,0,unknown,no
39,admin.,married,tertiary,no,1108,no,no,cellular,21,apr,204,1,-1,0,unknown,yes
67,retired,divorced,secondary,no,704,no,no,cellular,3,nov,537,1,-1,0,unknown,yes
45,self-employed,divorced,tertiary,yes,75,yes,yes,cellular,4,feb,236,1,-1,0,unknown,no
50,unemployed,married,secondary,no,3357,no,no,cellular,9,jun,239,4,-1,0,unknown,yes
37,management,divorced,tertiary,no,488,yes,no,cellular,17,sep,328,1,854,2,failure,yes
38,services,married,secondary,no,8876,no,no,cellular,2,feb,280,1,75,1,failure,no
25,management,single,tertiary,no,316,no,no,cellular,27,mar,347,2,-1,0,unknown,yes
33,management,married,tertiary,no,32,no,no,cellular,29,aug,27,7,-1,0,unknown,no
84,retired,divorced,primary,no,639,no,no,telephone,18,may,353,3,-1,0,unknown,yes
43,technician,married,secondary,no,0,no,yes,cellular,8,may,9,2,172,5,failure,no
29,blue-collar,single,secondary,no,482,no,yes,cellular,10,jul,1097,3,-1,0,unknown,yes
42,management,divorced,tertiary,no,742,yes,no,unknown,5,may,58,3,-1,0,unknown,no
49,technician,divorced,secondary,no,342,no,yes,cellular,19,nov,58,3,-1,0,unknown,no
27,services,married,secondary,no,1,no,no,cellular,29,jan,528,3,-1,0,unknown,no
39,blue-collar,single,secondary,no,29,yes,no,unknown,7,may,214,2,-1,0,unknown,no
37,admin.,single,secondary,no,-261,no,yes,cellular,10,jul,259,1,-1,0,unknown,no
42,retired,married,primary,no,0,yes,no,unknown,8,may,186,2,-1,0,unknown,no
34,management,married,tertiary,no,0,yes,yes,cellular,10,jul,129,1,-1,0,unknown,no
29,technician,single,secondary,no,590,no,no,cellular,25,may,124,1,-1,0,unknown,yes
31,technician,single,tertiary,no,967,no,no,cellular,21,nov,210,3,-1,0,unknown,no
36,blue-collar,married,secondary,no,1088,yes,no,cellular,13,may,77,2,345,2,failure,no
64,management,married,unknown,no,2352,no,no,cellular,3,nov,181,4,183,7,success,yes
67,retired,married,secondary,no,1146,no,no,cellular,13,nov,259,1,92,2,failure,yes
46,technician,married,secondary,no,57,no,no,unknown,28,may,796,1,-1,0,unknown,yes
29,services,single,secondary,no,192,no,no,cellular,30,jan,327,4,-1,0,unknown,no
26,blue-collar,single,secondary,no,972,yes,no,unknown,20,may,177,10,-1,0,unknown,no
31,admin.,single,tertiary,no,4041,no,no,cellular,30,apr,1034,2,-1,0,unknown,yes
39,technician,married,secondary,no,1,yes,no,unknown,26,may,506,2,-1,0,unknown,no
33,entrepreneur,married,secondary,no,135,yes,no,cellular,17,apr,114,1,345,2,failure,no
38,self-employed,married,secondary,no,290,yes,no,unknown,20,may,369,1,-1,0,unknown,no
36,entrepreneur,single,tertiary,no,145,yes,no,cellular,18,may,450,2,304,2,success,no
49,services,married,secondary,no,2416,yes,no,cellular,16,apr,1366,1,-1,0,unknown,yes
38,entrepreneur,married,tertiary,no,0,no,no,cellular,23,jul,532,2,-1,0,unknown,yes
57,entrepreneur,married,tertiary,no,958,no,no,unknown,6,jun,250,2,-1,0,unknown,no
33,admin.,married,unknown,no,2780,no,no,cellular,19,nov,485,1,-1,0,unknown,yes
35,admin.,married,secondary,no,-488,yes,no,unknown,2,jun,97,4,-1,0,unknown,no
27,blue-collar,married,primary,no,416,yes,no,unknown,30,may,1193,2,-1,0,unknown,yes
39,blue-collar,divorced,primary,no,1317,yes,no,cellular,20,nov,543,1,170,4,other,yes
46,admin.,divorced,secondary,no,-60,no,no,cellular,17,nov,117,1,-1,0,unknown,no
42,technician,divorced,tertiary,no,2611,yes,no,cellular,25,jun,300,1,389,3,failure,yes
32,blue-collar,married,secondary,no,254,yes,no,cellular,19,nov,1720,3,-1,0,unknown,yes
29,management,married,tertiary,no,1441,yes,no,cellular,4,feb,80,2,-1,0,unknown,yes
56,management,single,tertiary,no,6507,yes,yes,cellular,29,jan,134,1,196,1,failure,no
56,management,married,unknown,no,4623,no,no,cellular,17,aug,348,1,-1,0,unknown,yes
35,management,divorced,tertiary,no,859,yes,yes,cellular,19,nov,1554,1,-1,0,unknown,yes
28,student,single,tertiary,no,3733,yes,no,cellular,21,aug,419,5,91,7,success,no
41,self-employed,single,tertiary,no,-94,yes,no,cellular,4,feb,1164,1,203,1,failure,yes
32,technician,single,secondary,no,28,yes,no,cellular,18,nov,368,1,-1,0,unknown,no
59,technician,married,primary,no,4198,no,no,cellular,14,jan,309,1,91,10,success,yes
21,student,single,secondary,no,224,no,no,cellular,30,apr,871,1,-1,0,unknown,yes
41,services,single,secondary,no,-675,yes,yes,cellular,18,mar,147,4,-1,0,unknown,yes
34,management,single,tertiary,no,13014,no,no,cellular,13,aug,738,1,-1,0,unknown,yes
59,technician,married,primary,no,309,no,yes,cellular,29,jul,25,5,-1,0,unknown,no
48,blue-collar,married,primary,no,3304,no,no,unknown,11,jun,409,3,-1,0,unknown,no
28,blue-collar,single,tertiary,no,727,yes,no,unknown,6,jun,144,4,-1,0,unknown,no
54,unknown,married,unknown,no,390,no,no,cellular,20,aug,68,5,-1,0,unknown,no
53,technician,married,secondary,no,100,no,no,cellular,13,aug,205,4,-1,0,unknown,no
30,entrepreneur,married,secondary,no,12737,no,yes,cellular,19,nov,589,2,-1,0,unknown,yes
40,blue-collar,married,secondary,no,746,yes,yes,cellular,2,feb,241,1,262,3,other,no
28,technician,single,secondary,no,5763,no,yes,cellular,5,mar,196,2,-1,0,unknown,yes
60,retired,divorced,secondary,no,545,yes,no,unknown,6,may,1030,1,-1,0,unknown,yes
37,management,married,secondary,no,5447,yes,yes,cellular,17,nov,1789,1,-1,0,unknown,yes
48,entrepreneur,single,tertiary,no,318,yes,no,cellular,5,feb,1017,4,-1,0,unknown,yes
41,management,married,tertiary,no,1468,yes,no,cellular,31,mar,237,3,-1,0,unknown,yes
41,blue-collar,married,secondary,no,140,yes,no,cellular,3,jun,96,1,125,2,failure,no
28,admin.,single,unknown,no,2736,no,no,cellular,8,jul,705,1,-1,0,unknown,yes
31,admin.,single,secondary,no,1129,yes,no,cellular,18,may,145,3,-1,0,unknown,no
32,admin.,married,secondary,no,35,no,no,cellular,17,dec,324,3,126,3,success,yes
48,blue-collar,married,secondary,no,7408,no,yes,cellular,4,feb,101,2,-1,0,unknown,no
27,technician,single,tertiary,no,931,yes,no,cellular,4,feb,1078,1,-1,0,unknown,yes
30,blue-collar,single,tertiary,no,297,no,no,cellular,7,apr,465,4,-1,0,unknown,yes
56,unemployed,single,primary,no,1110,no,no,cellular,4,feb,945,2,-1,0,unknown,yes
34,blue-collar,single,primary,no,505,yes,no,unknown,13,may,351,1,-1,0,unknown,no
55,technician,married,secondary,no,0,yes,yes,cellular,2,mar,116,1,-1,0,unknown,yes
30,technician,single,secondary,no,458,no,no,cellular,20,nov,51,7,-1,0,unknown,no
58,self-employed,married,tertiary,no,327,no,yes,cellular,14,jul,145,2,-1,0,unknown,no
63,retired,married,unknown,no,2193,no,no,telephone,21,apr,1348,4,-1,0,unknown,yes
40,student,single,secondary,no,595,yes,no,cellular,3,jun,406,2,-1,0,unknown,yes
50,housemaid,married,tertiary,no,5260,yes,no,cellular,24,jul,51,2,-1,0,unknown,no
30,blue-collar,single,secondary,no,2145,yes,no,cellular,18,may,727,2,-1,0,unknown,yes
36,technician,married,secondary,no,432,yes,no,cellular,11,may,61,3,255,2,failure,no
27,blue-collar,married,secondary,no,-59,no,yes,cellular,8,jul,154,3,-1,0,unknown,no
52,services,married,secondary,no,659,no,no,cellular,27,oct,113,1,-1,0,unknown,yes
29,student,single,secondary,no,1925,no,no,cellular,21,oct,150,3,149,5,success,yes
66,management,married,secondary,no,587,no,no,cellular,12,may,457,2,392,2,success,yes
34,management,single,tertiary,no,2555,yes,no,cellular,26,may,129,2,-1,0,unknown,no
31,unknown,married,tertiary,no,526,no,no,cellular,26,aug,130,13,-1,0,unknown,no
57,management,married,tertiary,no,256,no,no,cellular,5,jun,304,2,91,1,success,yes
39,services,married,secondary,no,0,yes,no,unknown,20,may,793,2,-1,0,unknown,no
35,management,divorced,tertiary,no,0,yes,no,telephone,29,oct,171,1,-1,0,unknown,yes
35,management,married,tertiary,no,3168,no,no,cellular,22,aug,24,30,-1,0,unknown,no
38,management,single,tertiary,no,1704,no,no,cellular,1,sep,222,1,-1,0,unknown,no
34,management,married,tertiary,no,63,no,no,cellular,18,nov,83,1,102,2,failure,no
36,blue-collar,single,secondary,no,-175,yes,no,unknown,15,may,180,2,-1,0,unknown,no
25,management,single,secondary,no,1272,yes,no,cellular,24,jul,342,2,-1,0,unknown,no
38,technician,married,secondary,no,6728,no,no,cellular,25,nov,232,1,96,4,success,yes
37,technician,divorced,secondary,no,141,yes,no,cellular,6,may,848,1,364,3,failure,yes
53,blue-collar,married,primary,no,421,yes,no,cellular,20,nov,677,1,-1,0,unknown,yes
55,entrepreneur,divorced,primary,no,29,no,no,unknown,16,jun,500,1,-1,0,unknown,no
33,blue-collar,married,primary,no,195,no,no,cellular,16,nov,984,5,-1,0,unknown,yes
38,technician,divorced,secondary,no,-397,yes,yes,cellular,21,jul,91,9,-1,0,unknown,no
54,housemaid,married,primary,no,127,no,no,cellular,19,aug,176,4,-1,0,unknown,no
40,services,married,secondary,no,471,yes,no,cellular,24,jul,430,4,-1,0,unknown,yes
55,technician,divorced,tertiary,no,0,yes,no,unknown,30,may,234,1,-1,0,unknown,no
36,admin.,married,secondary,no,0,yes,yes,cellular,11,may,94,1,-1,0,unknown,no
50,entrepreneur,divorced,tertiary,no,223,no,no,cellular,7,jul,264,5,-1,0,unknown,no
43,entrepreneur,married,secondary,no,0,no,no,unknown,3,jun,1025,7,-1,0,unknown,yes
30,unemployed,single,tertiary,no,1159,no,no,cellular,12,aug,95,1,68,1,success,no
30,services,married,secondary,no,1808,yes,no,cellular,18,may,83,2,-1,0,unknown,no
39,services,married,secondary,no,207,no,no,unknown,6,jun,78,2,-1,0,unknown,no
39,management,married,tertiary,no,494,no,no,cellular,10,mar,106,2,478,3,failure,yes
40,blue-collar,married,secondary,no,1954,no,no,cellular,31,jul,1107,2,-1,0,unknown,yes
33,management,single,tertiary,no,307,no,no,cellular,23,jul,113,6,179,4,failure,no
40,management,married,tertiary,no,294,yes,no,cellular,23,jul,97,5,-1,0,unknown,no
60,management,divorced,primary,no,21,no,yes,telephone,14,jul,113,3,-1,0,unknown,no
38,management,single,tertiary,no,104,yes,no,cellular,6,may,606,3,-1,0,unknown,yes
40,admin.,married,secondary,no,767,yes,no,cellular,6,feb,168,1,-1,0,unknown,no
46,blue-collar,married,secondary,no,536,yes,no,unknown,15,may,164,2,-1,0,unknown,no
33,self-employed,married,primary,no,1862,yes,no,unknown,12,may,65,1,-1,0,unknown,no
44,management,married,tertiary,no,7818,no,no,cellular,27,may,412,1,-1,0,unknown,yes
29,student,single,secondary,no,459,no,no,cellular,15,dec,279,3,189,19,other,yes
37,management,married,tertiary,no,1276,no,no,cellular,14,aug,156,2,-1,0,unknown,yes
41,entrepreneur,married,secondary,no,707,no,no,unknown,18,jun,707,1,-1,0,unknown,yes
54,retired,divorced,tertiary,no,0,no,no,unknown,13,may,618,1,-1,0,unknown,yes
34,blue-collar,single,secondary,no,341,yes,no,unknown,8,may,195,1,-1,0,unknown,no
33,management,married,tertiary,no,22867,yes,no,cellular,10,nov,266,2,92,3,failure,yes
57,blue-collar,married,secondary,no,6004,yes,no,cellular,12,aug,157,6,-1,0,unknown,no
24,blue-collar,single,secondary,no,167,no,yes,cellular,18,feb,134,2,-1,0,unknown,yes
29,management,married,tertiary,no,0,yes,yes,cellular,15,jul,218,1,-1,0,unknown,no
37,services,married,secondary,no,217,yes,no,cellular,11,may,152,1,-1,0,unknown,no
34,management,single,tertiary,no,404,yes,no,cellular,5,feb,10,6,-1,0,unknown,no
30,self-employed,single,tertiary,no,916,no,no,cellular,29,dec,449,2,-1,0,unknown,yes
52,technician,married,tertiary,no,2557,no,no,cellular,28,jan,134,5,204,2,success,yes
50,admin.,married,secondary,no,159,yes,no,unknown,7,may,216,2,-1,0,unknown,no
38,management,married,tertiary,no,2278,yes,yes,cellular,13,may,244,1,-1,0,unknown,no
27,student,single,tertiary,no,118,no,no,cellular,31,aug,160,3,98,1,failure,yes
49,services,married,secondary,no,-8,yes,no,unknown,8,may,1119,1,-1,0,unknown,yes
28,services,single,secondary,no,6332,yes,no,telephone,7,may,149,1,343,4,failure,no
49,admin.,married,secondary,no,0,no,no,cellular,1,jun,1460,1,-1,0,unknown,yes
28,student,single,tertiary,no,22,yes,no,cellular,15,may,536,2,-1,0,unknown,yes
48,technician,married,secondary,no,178,yes,no,unknown,17,jun,320,4,-1,0,unknown,no
48,self-employed,married,secondary,no,1559,no,no,cellular,24,dec,520,3,133,3,failure,no
42,housemaid,single,primary,no,5774,yes,no,unknown,15,may,54,2,-1,0,unknown,no
33,services,married,secondary,no,930,no,yes,cellular,24,jul,149,2,-1,0,unknown,no
23,student,single,secondary,no,0,no,no,cellular,7,aug,217,1,99,7,success,yes
37,services,single,secondary,no,934,yes,no,unknown,16,may,242,3,-1,0,unknown,no
31,technician,single,secondary,no,433,no,no,cellular,11,aug,1504,2,-1,0,unknown,no
34,management,single,tertiary,no,575,no,no,cellular,9,mar,116,1,-1,0,unknown,yes
25,management,married,unknown,no,448,no,no,cellular,5,feb,151,1,297,1,success,yes
28,management,single,tertiary,no,1720,no,no,cellular,14,sep,230,1,91,4,success,yes
34,blue-collar,married,secondary,no,577,no,no,unknown,14,may,337,1,-1,0,unknown,no
36,entrepreneur,married,secondary,no,546,no,no,cellular,9,feb,297,3,-1,0,unknown,no
38,blue-collar,married,secondary,no,2008,yes,no,cellular,18,nov,354,1,-1,0,unknown,no
36,admin.,single,tertiary,no,364,no,yes,cellular,31,aug,185,1,123,1,failure,yes
43,blue-collar,single,primary,no,0,no,no,unknown,9,may,71,3,-1,0,unknown,no
30,management,married,tertiary,no,1384,yes,no,telephone,14,aug,60,2,-1,0,unknown,no
35,technician,single,secondary,no,354,no,no,cellular,11,aug,444,3,-1,0,unknown,yes
55,management,married,tertiary,no,3848,yes,no,cellular,8,apr,222,2,-1,0,unknown,yes
36,management,married,tertiary,no,926,no,no,cellular,14,apr,216,1,-1,0,unknown,yes
34,technician,married,secondary,no,1,no,no,cellular,28,aug,535,2,-1,0,unknown,yes
32,services,single,secondary,no,3993,no,no,cellular,22,may,148,2,-1,0,unknown,yes
34,management,married,tertiary,no,105,yes,no,unknown,6,may,314,3,-1,0,unknown,no
33,blue-collar,married,secondary,no,285,no,yes,unknown,3,jul,267,1,-1,0,unknown,no
27,blue-collar,single,secondary,no,137,no,yes,cellular,25,jul,359,1,-1,0,unknown,no
26,admin.,single,secondary,no,255,no,no,cellular,9,feb,190,1,-1,0,unknown,yes
55,admin.,married,secondary,no,139,no,no,cellular,30,apr,241,1,-1,0,unknown,yes
26,unemployed,single,tertiary,no,2170,no,no,cellular,3,feb,317,1,-1,0,unknown,no
39,entrepreneur,married,secondary,no,11887,no,no,cellular,18,nov,1181,2,-1,0,unknown,yes
54,entrepreneur,married,tertiary,no,84,no,no,cellular,29,jul,34,2,-1,0,unknown,no
52,blue-collar,married,secondary,no,580,no,no,cellular,21,nov,965,2,-1,0,unknown,yes
41,blue-collar,married,secondary,no,0,yes,no,cellular,1,apr,625,2,-1,0,unknown,no
36,blue-collar,married,secondary,no,1049,yes,no,cellular,14,may,224,4,-1,0,unknown,yes
29,admin.,married,tertiary,no,238,no,no,cellular,25,may,344,2,88,1,failure,yes
30,management,single,tertiary,no,2995,yes,no,cellular,18,nov,329,1,-1,0,unknown,no
48,services,single,primary,no,-139,no,no,cellular,13,may,75,2,-1,0,unknown,no
46,management,divorced,tertiary,no,507,yes,no,cellular,1,apr,1196,1,-1,0,unknown,yes
31,management,married,tertiary,no,1170,no,no,cellular,20,aug,200,4,-1,0,unknown,no
28,blue-collar,single,primary,no,426,yes,no,cellular,18,may,953,3,-1,0,unknown,no
43,blue-collar,married,secondary,no,514,yes,yes,cellular,20,apr,34,2,-1,0,unknown,no
40,management,divorced,tertiary,no,290,yes,no,unknown,27,may,184,1,-1,0,unknown,no
30,entrepreneur,married,secondary,no,2551,yes,no,unknown,5,jun,142,2,-1,0,unknown,no
36,management,single,tertiary,no,2944,no,no,cellular,18,aug,882,8,-1,0,unknown,yes
71,retired,divorced,secondary,no,5584,no,no,cellular,21,aug,534,3,-1,0,unknown,yes
26,admin.,single,secondary,no,586,yes,yes,unknown,12,may,215,1,-1,0,unknown,no
64,entrepreneur,married,tertiary,no,2331,no,no,telephone,9,nov,201,1,-1,0,unknown,yes
37,management,married,tertiary,no,1594,yes,no,cellular,17,apr,110,1,260,5,failure,no
34,admin.,married,secondary,no,920,no,no,cellular,14,may,526,3,179,3,success,yes
57,housemaid,divorced,primary,no,8278,no,no,cellular,17,nov,408,3,-1,0,unknown,no
51,management,married,tertiary,no,346,no,no,cellular,12,feb,122,1,92,5,success,yes
29,technician,married,tertiary,no,-722,no,yes,unknown,27,jun,121,4,-1,0,unknown,no
75,retired,married,primary,no,3324,no,no,cellular,2,feb,149,1,-1,0,unknown,no
53,retired,married,secondary,no,1296,yes,no,unknown,17,jun,115,1,-1,0,unknown,no
34,management,single,tertiary,no,6766,no,no,cellular,28,aug,210,5,-1,0,unknown,no
35,management,single,tertiary,no,431,no,no,cellular,17,aug,343,2,397,1,failure,yes
32,blue-collar,married,secondary,no,1,yes,no,unknown,8,may,102,1,-1,0,unknown,no
46,blue-collar,married,primary,no,557,no,no,unknown,18,jun,89,1,-1,0,unknown,no
39,services,single,secondary,no,322,yes,no,cellular,11,may,35,1,350,1,failure,no
36,management,married,tertiary,no,203,no,no,cellular,25,jan,255,1,88,1,success,yes
41,unemployed,married,tertiary,no,0,no,no,cellular,29,apr,882,1,181,3,success,yes
35,management,single,tertiary,no,0,yes,no,unknown,2,jun,184,1,-1,0,unknown,no
31,technician,single,secondary,no,137,no,no,cellular,27,aug,27,14,-1,0,unknown,no
26,technician,single,secondary,no,218,yes,no,unknown,27,may,436,1,-1,0,unknown,no
29,management,single,tertiary,no,3846,no,no,cellular,3,jun,313,2,-1,0,unknown,yes
36,blue-collar,married,secondary,no,0,no,no,cellular,15,jul,794,1,-1,0,unknown,no
58,services,divorced,secondary,no,462,no,no,cellular,13,nov,495,1,93,1,success,yes
35,services,married,secondary,no,52,yes,no,cellular,2,mar,378,4,-1,0,unknown,yes
29,admin.,single,secondary,no,27,yes,no,cellular,6,may,754,1,-1,0,unknown,yes
33,management,single,tertiary,no,6807,no,no,cellular,21,oct,512,2,184,1,success,yes
32,blue-collar,married,primary,no,415,yes,no,unknown,2,jun,777,4,-1,0,unknown,yes
36,housemaid,single,secondary,no,1015,yes,no,cellular,18,may,1008,1,347,2,success,yes
34,technician,married,secondary,no,294,yes,no,cellular,9,dec,265,1,184,3,success,yes
37,management,married,tertiary,no,-491,yes,no,cellular,5,feb,80,2,-1,0,unknown,no
34,technician,married,secondary,no,-259,yes,no,unknown,27,may,124,2,-1,0,unknown,no
60,retired,divorced,tertiary,no,979,yes,no,cellular,15,jul,346,1,181,4,success,yes
44,management,single,tertiary,no,1090,no,no,cellular,19,jul,204,4,532,2,other,yes
49,unemployed,married,secondary,no,13818,no,no,cellular,21,nov,201,1,113,2,failure,no
44,admin.,single,secondary,no,4492,no,yes,cellular,31,jul,19,13,-1,0,unknown,no
64,retired,divorced,secondary,no,4833,no,no,cellular,20,oct,621,1,181,3,failure,yes
38,technician,married,secondary,no,581,yes,no,unknown,6,may,79,1,-1,0,unknown,no
29,self-employed,single,tertiary,no,814,no,no,unknown,13,aug,461,1,-1,0,unknown,yes
38,management,married,tertiary,yes,327,yes,yes,cellular,9,jul,556,5,-1,0,unknown,yes
27,management,single,unknown,no,3196,no,no,cellular,9,feb,10,2,-1,0,unknown,no
32,management,married,tertiary,no,128,yes,no,cellular,28,jul,320,3,-1,0,unknown,no
24,student,single,secondary,no,1925,no,no,cellular,11,aug,1363,1,-1,0,unknown,yes
42,technician,single,secondary,yes,-1129,yes,no,unknown,2,jun,555,5,-1,0,unknown,yes
38,management,divorced,tertiary,no,4692,yes,no,unknown,29,may,1363,2,-1,0,unknown,yes
48,management,married,tertiary,no,7867,yes,yes,unknown,30,may,306,3,-1,0,unknown,no
35,admin.,divorced,secondary,no,3636,no,yes,cellular,21,nov,808,2,-1,0,unknown,yes
39,blue-collar,married,secondary,no,661,yes,no,cellular,3,feb,84,4,267,4,failure,no
53,blue-collar,married,secondary,no,-8,no,no,cellular,5,aug,794,1,-1,0,unknown,yes
33,blue-collar,single,secondary,no,-14,yes,no,cellular,14,may,223,2,-1,0,unknown,no
49,management,married,tertiary,no,4374,yes,no,cellular,31,jul,68,3,-1,0,unknown,no
72,retired,married,primary,no,2079,no,no,cellular,13,aug,100,1,191,3,other,no
39,entrepreneur,married,primary,no,437,yes,no,unknown,27,oct,150,1,-1,0,unknown,yes
56,retired,married,secondary,no,5879,no,no,unknown,20,jun,237,3,-1,0,unknown,no
35,admin.,married,tertiary,no,286,no,no,cellular,30,apr,949,2,-1,0,unknown,yes
29,management,single,tertiary,no,502,no,no,cellular,12,apr,366,2,199,3,other,no
34,student,single,unknown,no,5827,no,no,cellular,17,nov,97,2,-1,0,unknown,no
31,management,married,tertiary,no,4328,no,no,cellular,12,oct,203,4,165,14,success,yes
33,blue-collar,married,primary,no,-132,yes,yes,cellular,18,may,170,6,-1,0,unknown,no
56,blue-collar,divorced,primary,yes,-1,no,no,cellular,18,jul,304,3,-1,0,unknown,no
41,entrepreneur,married,primary,no,0,no,no,cellular,3,jul,438,2,389,1,other,yes
29,student,single,secondary,no,314,no,no,cellular,7,dec,415,2,116,4,failure,yes
27,management,married,tertiary,no,893,no,no,cellular,16,oct,154,2,-1,0,unknown,yes
37,technician,married,secondary,no,3720,yes,no,cellular,28,jan,561,1,-1,0,unknown,no
43,blue-collar,divorced,primary,no,177,no,no,cellular,3,feb,124,1,-1,0,unknown,no
70,retired,married,primary,no,4982,no,no,cellular,4,may,794,2,-1,0,unknown,no
36,self-employed,single,tertiary,no,258,no,no,cellular,5,feb,230,1,-1,0,unknown,no
30,services,married,secondary,no,48,yes,no,cellular,31,jul,662,13,-1,0,unknown,yes
56,retired,married,secondary,no,-1206,yes,no,cellular,15,jun,382,2,-1,0,unknown,yes
42,blue-collar,married,primary,no,807,yes,no,cellular,19,nov,1057,1,-1,0,unknown,yes
38,management,married,tertiary,no,1354,yes,no,cellular,29,jan,50,2,-1,0,unknown,no
34,management,married,secondary,no,56,yes,no,cellular,20,nov,311,3,183,1,failure,no
33,admin.,married,secondary,no,393,yes,no,unknown,28,may,383,1,-1,0,unknown,no
28,management,single,tertiary,no,187,no,no,cellular,10,sep,255,1,93,2,success,yes
55,housemaid,married,secondary,no,962,yes,no,cellular,28,apr,623,1,181,3,success,yes
52,admin.,married,secondary,no,1113,no,yes,cellular,8,jul,83,1,-1,0,unknown,no
32,self-employed,single,tertiary,no,386,yes,no,cellular,18,nov,482,1,-1,0,unknown,yes
34,management,single,unknown,no,6013,yes,no,cellular,18,may,612,1,-1,0,unknown,yes
33,management,married,tertiary,no,0,yes,no,cellular,28,jul,54,3,-1,0,unknown,no
45,blue-collar,married,secondary,no,640,yes,no,cellular,4,may,447,1,-1,0,unknown,yes
38,management,single,tertiary,no,6158,yes,no,cellular,15,apr,139,5,145,9,failure,yes
43,blue-collar,single,secondary,no,3,yes,no,unknown,9,may,929,3,-1,0,unknown,yes
54,management,married,secondary,no,0,no,no,cellular,19,nov,106,1,-1,0,unknown,no
28,management,single,tertiary,no,882,no,yes,cellular,8,jul,107,2,-1,0,unknown,no
34,blue-collar,married,primary,no,1031,yes,no,unknown,29,may,751,3,-1,0,unknown,yes
51,blue-collar,married,primary,no,216,yes,no,cellular,17,apr,666,3,274,3,failure,no
47,technician,divorced,secondary,no,191,no,no,cellular,19,aug,228,5,-1,0,unknown,no
38,blue-collar,divorced,secondary,no,0,yes,no,telephone,20,apr,162,1,181,5,success,yes
37,management,married,tertiary,no,393,yes,no,cellular,12,aug,62,2,104,2,success,no
35,technician,single,secondary,no,1001,no,yes,cellular,24,jul,178,2,-1,0,unknown,no
58,technician,married,secondary,no,4299,yes,no,unknown,29,may,348,3,-1,0,unknown,no
47,technician,divorced,secondary,no,5735,no,no,unknown,19,jun,282,4,-1,0,unknown,no
36,management,single,tertiary,no,335,no,no,unknown,10,oct,5,1,772,4,failure,no
55,management,single,tertiary,no,0,no,no,cellular,3,nov,222,3,187,3,failure,no
38,technician,married,secondary,no,1919,no,no,cellular,4,aug,846,1,-1,0,unknown,yes
49,technician,married,tertiary,no,523,yes,no,cellular,2,jun,712,1,60,3,failure,yes
48,blue-collar,married,primary,no,719,no,yes,cellular,11,aug,418,5,-1,0,unknown,yes
45,admin.,married,secondary,no,205,no,no,cellular,4,may,552,1,90,2,success,yes
48,management,married,tertiary,no,263,yes,no,unknown,5,may,350,2,-1,0,unknown,no
29,management,single,tertiary,no,92,no,no,cellular,2,jun,101,1,92,5,success,no
34,self-employed,married,tertiary,no,7602,no,no,cellular,20,nov,222,1,-1,0,unknown,no
37,admin.,married,secondary,no,0,yes,no,cellular,22,jul,185,1,-1,0,unknown,no
28,blue-collar,single,primary,no,0,yes,yes,unknown,3,jun,380,4,-1,0,unknown,no
65,retired,divorced,secondary,no,744,no,no,cellular,5,jul,182,1,-1,0,unknown,no
40,technician,single,tertiary,no,1646,yes,no,cellular,2,feb,215,1,242,2,failure,yes
23,admin.,single,secondary,no,252,yes,no,cellular,15,may,56,1,-1,0,unknown,no
28,management,single,tertiary,no,637,yes,no,cellular,4,feb,324,1,-1,0,unknown,no
53,admin.,married,secondary,no,10541,no,no,cellular,9,nov,178,1,-1,0,unknown,yes
26,technician,single,secondary,no,33,no,no,cellular,23,jul,91,7,-1,0,unknown,no
50,housemaid,single,secondary,no,799,no,no,telephone,28,jan,63,1,-1,0,unknown,no
43,technician,single,secondary,no,1195,yes,no,unknown,15,may,516,9,-1,0,unknown,no
53,blue-collar,married,primary,no,751,yes,no,cellular,3,feb,1528,2,-1,0,unknown,yes
42,technician,single,unknown,no,11115,no,no,cellular,30,apr,328,1,-1,0,unknown,yes
36,admin.,married,secondary,no,465,yes,no,unknown,20,may,160,1,-1,0,unknown,no
28,student,single,secondary,no,69,no,no,cellular,30,jan,532,2,-1,0,unknown,yes
47,entrepreneur,married,secondary,no,318,no,no,cellular,4,aug,299,2,-1,0,unknown,no
60,management,married,tertiary,no,79,no,no,unknown,11,jun,48,3,-1,0,unknown,no
32,blue-collar,married,secondary,no,-208,yes,yes,unknown,9,may,325,1,-1,0,unknown,no
36,blue-collar,married,unknown,no,722,yes,no,unknown,20,may,268,2,-1,0,unknown,no
39,housemaid,married,secondary,no,1444,no,no,cellular,19,nov,100,1,117,8,success,no
26,technician,single,secondary,no,668,yes,no,unknown,28,may,576,3,-1,0,unknown,yes
43,management,married,unknown,no,5172,yes,no,unknown,29,may,57,3,-1,0,unknown,no
47,services,married,secondary,no,1764,no,yes,cellular,26,aug,119,6,-1,0,unknown,no
29,management,married,tertiary,no,10576,no,no,unknown,15,may,1224,2,-1,0,unknown,yes
39,services,married,secondary,no,733,no,no,unknown,16,jun,83,4,-1,0,unknown,no
45,entrepreneur,married,primary,no,488,yes,no,telephone,28,jul,90,11,-1,0,unknown,no
57,management,divorced,tertiary,no,2549,no,no,cellular,17,jul,193,2,-1,0,unknown,no
33,services,married,secondary,no,-384,yes,no,cellular,9,jul,125,1,-1,0,unknown,no
46,unemployed,married,secondary,no,594,no,no,cellular,4,feb,197,2,-1,0,unknown,no
54,admin.,married,tertiary,no,184,no,no,unknown,5,may,673,2,-1,0,unknown,yes
49,blue-collar,married,secondary,no,-454,yes,no,cellular,14,may,558,1,-1,0,unknown,yes
50,management,married,unknown,no,8345,no,no,cellular,27,feb,194,1,261,1,failure,yes
55,blue-collar,married,secondary,no,2059,yes,no,cellular,11,may,149,1,259,4,failure,no
21,student,single,secondary,no,2488,no,no,cellular,12,oct,180,1,-1,0,unknown,yes
43,self-employed,single,primary,no,1337,yes,yes,cellular,20,nov,632,2,-1,0,unknown,no
37,technician,single,secondary,yes,375,no,no,unknown,9,jun,223,2,-1,0,unknown,no
27,blue-collar,married,secondary,no,0,yes,no,cellular,17,jul,444,6,-1,0,unknown,no
29,technician,married,secondary,no,23,yes,no,cellular,2,jun,163,1,55,2,failure,yes
23,student,single,secondary,no,151,yes,no,unknown,9,may,97,1,-1,0,unknown,no
42,blue-collar,married,primary,no,201,yes,no,cellular,30,apr,841,1,85,2,failure,yes
26,blue-collar,single,secondary,no,2007,no,no,cellular,13,jul,272,3,182,2,success,yes
33,management,married,tertiary,no,2599,no,no,cellular,30,apr,1373,2,-1,0,unknown,yes
49,management,married,tertiary,no,0,yes,no,cellular,18,nov,102,1,-1,0,unknown,no
39,housemaid,divorced,secondary,no,70,no,no,cellular,4,jun,346,2,128,8,success,no
33,management,single,tertiary,no,131,yes,no,cellular,12,oct,209,3,427,2,failure,yes
23,student,single,secondary,no,1234,no,no,cellular,15,feb,379,1,91,1,success,yes
31,management,single,tertiary,no,3384,no,no,cellular,22,mar,247,3,187,3,success,yes
33,services,married,primary,no,0,yes,no,cellular,7,may,227,2,-1,0,unknown,no
51,blue-collar,married,primary,no,129,yes,no,cellular,15,may,611,2,-1,0,unknown,yes
49,management,married,tertiary,no,1093,yes,yes,cellular,12,jan,243,2,91,2,success,yes
41,blue-collar,single,primary,no,1618,yes,no,unknown,14,may,1553,1,-1,0,unknown,yes
59,retired,married,tertiary,no,148,yes,yes,cellular,8,may,685,2,366,1,other,yes
25,admin.,single,secondary,no,2816,no,no,cellular,30,apr,327,1,-1,0,unknown,yes
49,unemployed,married,secondary,no,769,yes,no,unknown,14,may,257,1,-1,0,unknown,no
32,blue-collar,married,primary,no,494,yes,no,unknown,26,may,252,2,-1,0,unknown,no
34,blue-collar,single,secondary,no,3723,yes,no,unknown,27,may,47,5,-1,0,unknown,no
79,retired,married,secondary,no,723,no,no,telephone,9,sep,276,1,79,3,failure,yes
35,management,divorced,tertiary,no,146,no,no,cellular,6,aug,720,2,-1,0,unknown,yes
26,student,single,secondary,no,620,no,no,cellular,17,feb,104,1,-1,0,unknown,yes
28,blue-collar,single,secondary,no,-127,yes,no,cellular,4,jul,1044,3,-1,0,unknown,yes
50,admin.,married,secondary,no,715,no,no,cellular,28,aug,131,13,-1,0,unknown,no
38,blue-collar,married,primary,no,714,yes,no,unknown,29,may,225,3,-1,0,unknown,no
26,services,single,secondary,no,136,no,no,cellular,20,apr,120,1,-1,0,unknown,yes
40,services,divorced,primary,no,471,yes,no,cellular,16,apr,1156,1,345,2,failure,yes
46,blue-collar,married,primary,no,-388,yes,yes,cellular,10,jul,207,1,-1,0,unknown,no
60,management,married,tertiary,no,73,no,no,telephone,8,aug,243,2,-1,0,unknown,yes
32,student,single,unknown,no,1583,yes,no,unknown,20,may,57,1,-1,0,unknown,no
48,blue-collar,married,primary,no,595,no,no,cellular,24,jul,464,1,-1,0,unknown,no
47,services,married,secondary,no,405,no,yes,cellular,8,aug,994,2,-1,0,unknown,yes
54,management,married,tertiary,no,-1415,yes,yes,cellular,17,nov,135,1,-1,0,unknown,no
37,blue-collar,married,unknown,no,-1050,yes,no,unknown,2,jun,548,2,-1,0,unknown,no
25,student,single,tertiary,no,326,no,no,cellular,26,may,390,1,-1,0,unknown,yes
26,services,single,secondary,no,397,no,no,cellular,29,jan,268,1,-1,0,unknown,no
49,blue-collar,married,primary,no,230,no,yes,unknown,30,jun,176,1,-1,0,unknown,no
41,blue-collar,single,secondary,no,75,yes,no,unknown,1,jul,479,9,-1,0,unknown,yes
38,management,married,tertiary,no,1440,no,no,cellular,11,aug,111,2,-1,0,unknown,no
73,retired,married,primary,no,542,no,no,cellular,26,oct,355,1,180,5,failure,yes
34,technician,single,secondary,no,513,yes,no,cellular,5,may,165,3,169,5,other,no
41,management,married,tertiary,no,65,yes,no,unknown,6,may,524,2,-1,0,unknown,no
23,management,single,tertiary,no,1506,no,no,cellular,9,mar,131,4,-1,0,unknown,yes
44,management,single,tertiary,no,483,no,no,cellular,6,mar,207,2,199,6,success,yes
71,retired,married,secondary,no,5715,no,no,cellular,17,nov,747,2,-1,0,unknown,yes
30,blue-collar,single,secondary,no,155,yes,yes,cellular,9,jul,1426,3,-1,0,unknown,yes
57,retired,married,primary,no,207,yes,no,unknown,8,may,193,1,-1,0,unknown,no
32,blue-collar,married,secondary,no,759,yes,no,cellular,9,apr,317,5,-1,0,unknown,yes
28,self-employed,single,tertiary,no,5215,no,no,cellular,2,jun,673,1,-1,0,unknown,no
43,blue-collar,single,secondary,no,318,yes,no,unknown,5,jun,736,2,-1,0,unknown,yes
47,blue-collar,married,primary,no,-58,yes,no,cellular,18,jul,92,2,-1,0,unknown,no
34,management,single,tertiary,no,5086,no,no,cellular,25,may,213,4,-1,0,unknown,yes
30,admin.,single,secondary,no,4448,no,no,cellular,11,feb,112,8,-1,0,unknown,yes
31,management,married,tertiary,no,325,yes,no,cellular,18,jul,1139,2,-1,0,unknown,yes
45,services,single,primary,no,1893,yes,no,unknown,3,jun,1259,6,-1,0,unknown,yes
27,blue-collar,married,primary,yes,-588,no,no,unknown,13,may,531,2,-1,0,unknown,no
34,admin.,married,secondary,no,0,yes,no,cellular,9,feb,30,4,-1,0,unknown,no
41,services,married,secondary,no,205,yes,no,unknown,8,may,91,1,-1,0,unknown,no
66,management,married,unknown,no,2149,yes,no,cellular,25,feb,98,1,87,10,failure,yes
55,housemaid,married,primary,no,0,yes,no,cellular,17,jul,1303,2,-1,0,unknown,yes
32,blue-collar,married,primary,no,206,yes,no,unknown,20,may,205,2,-1,0,unknown,no
49,admin.,married,secondary,no,10250,yes,no,telephone,24,oct,97,1,-1,0,unknown,yes
46,services,divorced,unknown,no,3390,no,no,unknown,20,jun,152,3,-1,0,unknown,no
54,management,married,tertiary,no,122,yes,no,cellular,22,jul,126,3,-1,0,unknown,no
24,services,single,secondary,no,638,yes,yes,cellular,7,may,792,3,-1,0,unknown,yes
45,blue-collar,married,primary,no,-66,yes,no,unknown,6,may,263,2,-1,0,unknown,no
33,management,married,tertiary,no,0,yes,no,cellular,17,apr,378,1,-1,0,unknown,yes
33,management,divorced,tertiary,no,990,yes,no,cellular,24,jul,1491,2,-1,0,unknown,yes
35,management,married,tertiary,no,4124,yes,no,cellular,23,jul,350,2,445,7,other,yes
33,blue-collar,married,secondary,no,1402,no,no,cellular,20,nov,63,5,-1,0,unknown,no
33,management,divorced,tertiary,no,2885,no,no,cellular,5,aug,1051,2,-1,0,unknown,yes
30,management,single,tertiary,no,533,no,no,cellular,11,aug,229,2,99,4,success,yes
30,services,divorced,secondary,no,341,yes,no,cellular,20,nov,478,1,-1,0,unknown,yes
29,admin.,married,secondary,no,252,yes,no,cellular,15,may,1223,3,371,1,failure,no
30,technician,single,tertiary,no,0,yes,no,cellular,5,jun,159,2,-1,0,unknown,yes
58,admin.,married,secondary,no,169,no,no,cellular,13,may,336,3,87,5,success,yes
51,entrepreneur,married,tertiary,no,83,no,no,cellular,20,apr,267,2,-1,0,unknown,yes
46,self-employed,married,secondary,no,706,no,no,cellular,21,may,588,1,386,3,failure,yes
30,technician,single,tertiary,no,3,yes,no,unknown,7,may,174,1,-1,0,unknown,no
40,admin.,divorced,secondary,no,220,yes,no,cellular,18,may,197,2,-1,0,unknown,no
34,management,married,tertiary,no,1778,no,no,cellular,4,nov,358,1,162,2,failure,yes
56,services,married,secondary,no,1150,no,yes,cellular,17,nov,107,1,117,3,failure,no
26,technician,single,tertiary,no,401,no,no,cellular,5,may,188,2,-1,0,unknown,yes
31,technician,single,tertiary,no,279,yes,no,unknown,13,may,198,1,-1,0,unknown,no
25,technician,single,secondary,no,1199,no,no,cellular,1,jun,287,1,-1,0,unknown,yes
53,admin.,divorced,secondary,no,223,yes,yes,cellular,22,jul,534,1,-1,0,unknown,no
51,entrepreneur,divorced,tertiary,no,2109,no,no,cellular,13,oct,79,2,-1,0,unknown,yes
38,entrepreneur,married,tertiary,no,170,yes,no,cellular,18,may,442,1,-1,0,unknown,yes
50,management,married,tertiary,no,453,no,yes,unknown,4,jul,608,1,-1,0,unknown,no
54,unknown,married,secondary,no,2206,no,no,cellular,11,feb,449,1,91,3,success,yes
36,technician,single,secondary,no,1228,yes,no,cellular,4,may,303,3,-1,0,unknown,yes
39,blue-collar,divorced,unknown,no,463,yes,no,cellular,18,may,169,1,-1,0,unknown,no
40,blue-collar,married,primary,no,137,no,yes,cellular,10,jul,214,1,-1,0,unknown,no
57,management,married,tertiary,no,375,no,no,cellular,21,oct,135,1,-1,0,unknown,yes
48,self-employed,married,tertiary,no,16,yes,yes,cellular,18,nov,214,1,-1,0,unknown,no
39,blue-collar,single,secondary,no,169,yes,no,unknown,9,may,38,1,-1,0,unknown,no
42,management,married,tertiary,no,4,yes,no,cellular,8,may,579,2,295,1,success,yes
73,retired,married,primary,no,253,no,no,cellular,20,apr,345,1,-1,0,unknown,yes
33,services,single,secondary,no,152,yes,no,cellular,25,may,202,2,365,2,success,yes
43,management,divorced,secondary,no,51,no,no,cellular,2,feb,430,1,-1,0,unknown,yes
27,blue-collar,single,tertiary,no,567,no,no,cellular,26,may,523,3,182,3,success,yes
52,self-employed,divorced,secondary,no,1291,yes,no,cellular,19,nov,559,1,169,2,failure,no
32,technician,single,tertiary,no,2481,no,no,cellular,18,aug,547,11,-1,0,unknown,no
28,management,single,tertiary,no,334,yes,no,unknown,14,may,438,4,-1,0,unknown,no
33,technician,single,tertiary,no,8097,no,yes,cellular,21,aug,500,2,-1,0,unknown,no
47,blue-collar,married,primary,no,475,yes,yes,cellular,29,jan,99,2,251,7,other,no
75,retired,divorced,secondary,no,2199,no,no,telephone,13,nov,137,1,-1,0,unknown,no
38,admin.,married,secondary,no,215,yes,yes,unknown,6,jun,173,2,-1,0,unknown,no
50,management,single,secondary,no,4527,yes,no,cellular,14,may,140,1,-1,0,unknown,no
60,admin.,married,secondary,no,106,no,no,cellular,24,feb,137,1,187,4,success,yes
40,admin.,married,secondary,no,824,yes,no,cellular,17,apr,359,1,-1,0,unknown,no
35,admin.,married,secondary,no,-203,yes,no,cellular,11,jul,1649,2,-1,0,unknown,yes
32,management,single,tertiary,no,3,yes,no,cellular,13,may,568,1,-1,0,unknown,yes
47,blue-collar,married,unknown,yes,162,no,no,cellular,25,aug,366,3,-1,0,unknown,yes
45,technician,married,secondary,no,3395,yes,no,cellular,18,nov,92,1,188,1,failure,no
56,admin.,married,secondary,no,292,yes,no,unknown,28,may,228,9,-1,0,unknown,no
36,blue-collar,married,primary,no,347,no,no,cellular,4,feb,167,2,-1,0,unknown,no
33,self-employed,divorced,secondary,no,1904,yes,no,cellular,17,jul,1584,2,-1,0,unknown,yes
31,services,married,secondary,no,447,no,no,cellular,4,jun,327,3,77,3,success,yes
40,blue-collar,married,secondary,no,299,yes,no,cellular,15,jul,180,4,-1,0,unknown,no
32,management,single,tertiary,no,6542,yes,no,cellular,15,may,1598,4,175,5,failure,yes
33,services,single,unknown,no,523,yes,no,unknown,28,may,86,1,-1,0,unknown,yes
38,services,married,primary,no,175,no,no,unknown,17,jun,132,2,-1,0,unknown,no
34,blue-collar,married,secondary,no,800,no,no,cellular,5,apr,144,1,-1,0,unknown,yes
33,blue-collar,single,primary,yes,-15,no,yes,cellular,7,jul,326,2,-1,0,unknown,no
36,technician,single,tertiary,no,197,no,no,cellular,30,apr,260,1,-1,0,unknown,yes
39,student,single,tertiary,no,1107,yes,no,telephone,20,apr,407,4,-1,0,unknown,no
43,technician,married,secondary,no,994,yes,yes,cellular,5,may,51,1,-1,0,unknown,no
60,blue-collar,married,primary,no,14,yes,yes,cellular,15,may,781,4,178,3,failure,no
26,admin.,single,secondary,no,274,no,no,cellular,1,apr,351,3,-1,0,unknown,yes
36,admin.,single,secondary,no,191,yes,no,cellular,25,jul,18,7,-1,0,unknown,no
32,admin.,single,secondary,no,-32,no,no,cellular,29,jan,320,1,185,5,other,no
34,technician,married,secondary,no,1012,yes,yes,telephone,28,oct,540,1,-1,0,unknown,yes
60,admin.,divorced,secondary,no,683,no,no,cellular,8,nov,507,1,-1,0,unknown,no
60,self-employed,married,primary,no,362,no,yes,cellular,29,jul,816,6,-1,0,unknown,yes
41,services,married,tertiary,no,881,no,no,cellular,30,oct,257,3,-1,0,unknown,yes
33,admin.,single,tertiary,no,7608,no,no,cellular,30,mar,238,4,-1,0,unknown,yes
42,entrepreneur,married,primary,no,558,yes,no,cellular,6,may,186,2,-1,0,unknown,no
33,technician,single,tertiary,no,1257,yes,no,cellular,22,jul,66,1,-1,0,unknown,no
34,admin.,single,secondary,no,63,yes,no,cellular,17,apr,678,1,-1,0,unknown,yes
60,admin.,married,unknown,no,738,no,no,unknown,19,may,529,3,-1,0,unknown,no
39,management,divorced,tertiary,no,224,no,no,cellular,5,apr,208,1,-1,0,unknown,yes
56,management,divorced,tertiary,no,2037,no,no,cellular,6,may,160,1,91,5,success,no
39,blue-collar,married,primary,no,398,yes,no,cellular,12,may,256,1,-1,0,unknown,no
38,blue-collar,single,secondary,no,1121,no,no,unknown,18,jun,203,1,-1,0,unknown,no
27,technician,single,tertiary,no,15161,no,no,cellular,2,jun,74,1,120,1,success,yes
22,student,single,primary,no,423,no,no,cellular,16,jul,316,1,179,10,success,yes
32,blue-collar,married,secondary,no,783,yes,no,unknown,21,may,923,3,-1,0,unknown,yes
56,services,married,secondary,no,0,no,no,cellular,13,aug,112,4,-1,0,unknown,no
50,management,married,tertiary,no,0,no,no,cellular,30,jan,199,1,205,1,failure,no
49,housemaid,married,primary,no,889,no,no,telephone,7,jul,388,1,-1,0,unknown,yes
32,management,single,tertiary,no,718,yes,no,cellular,15,jun,95,1,-1,0,unknown,yes
51,blue-collar,married,secondary,no,518,yes,no,cellular,12,may,918,1,-1,0,unknown,yes
50,blue-collar,divorced,primary,no,15,yes,no,cellular,12,may,173,2,350,7,failure,no
25,admin.,single,secondary,no,483,no,yes,cellular,3,feb,189,1,-1,0,unknown,yes
47,technician,married,secondary,no,1167,yes,no,cellular,30,apr,968,1,87,5,failure,yes
53,admin.,married,secondary,no,3765,no,no,unknown,20,jun,1094,3,-1,0,unknown,yes
51,blue-collar,married,secondary,no,50,yes,yes,unknown,6,may,121,1,-1,0,unknown,no
59,housemaid,married,primary,no,-187,yes,no,telephone,21,jul,118,7,-1,0,unknown,no
37,services,married,secondary,no,981,no,no,cellular,7,jul,682,2,386,1,success,yes
31,admin.,single,secondary,no,-302,yes,yes,unknown,27,may,235,5,-1,0,unknown,no
37,management,married,tertiary,no,4089,yes,no,cellular,2,feb,289,2,174,4,other,yes
32,admin.,single,secondary,no,131,yes,no,cellular,22,jun,522,1,183,2,success,yes
32,management,married,tertiary,no,302,yes,yes,unknown,23,feb,61,1,384,2,failure,yes
46,management,divorced,secondary,no,0,no,no,cellular,27,aug,763,5,-1,0,unknown,yes
35,entrepreneur,single,tertiary,no,1416,yes,no,cellular,6,may,100,1,169,12,other,no
32,blue-collar,married,secondary,no,3166,yes,no,cellular,20,nov,418,3,-1,0,unknown,no
30,management,single,tertiary,no,2708,no,no,cellular,19,nov,479,1,-1,0,unknown,no
30,technician,single,tertiary,no,53,no,no,cellular,29,apr,375,1,-1,0,unknown,yes
32,student,single,tertiary,no,64,no,no,cellular,30,jun,598,4,105,5,failure,yes
31,blue-collar,single,unknown,no,6281,no,no,cellular,22,oct,257,1,128,3,other,yes
31,services,single,secondary,no,3,yes,no,cellular,5,may,41,1,-1,0,unknown,no
39,housemaid,married,primary,no,34,yes,no,cellular,14,jul,377,3,-1,0,unknown,no
60,unemployed,married,secondary,no,1047,no,no,cellular,27,may,173,3,279,4,success,yes
31,management,married,secondary,no,0,no,no,cellular,11,aug,720,1,-1,0,unknown,yes
33,technician,single,secondary,no,177,yes,no,unknown,23,may,293,1,-1,0,unknown,no
50,blue-collar,married,tertiary,no,5423,yes,no,cellular,21,nov,75,3,-1,0,unknown,no
29,management,married,secondary,no,0,yes,no,unknown,2,jun,85,4,-1,0,unknown,no
25,self-employed,married,tertiary,no,1182,yes,no,unknown,26,may,141,2,-1,0,unknown,no
57,management,married,secondary,no,0,no,no,cellular,28,jan,132,1,-1,0,unknown,no
33,blue-collar,married,primary,no,141,yes,no,unknown,21,may,578,2,-1,0,unknown,no
36,management,married,tertiary,no,4,no,yes,cellular,29,jul,261,6,-1,0,unknown,no
49,services,married,secondary,no,388,no,no,telephone,31,jul,1032,4,-1,0,unknown,yes
45,technician,divorced,secondary,no,-357,yes,yes,cellular,18,may,618,1,355,2,failure,yes
31,technician,single,secondary,no,1819,yes,no,unknown,15,may,226,2,-1,0,unknown,no
32,entrepreneur,married,secondary,no,-242,yes,no,cellular,20,apr,1202,3,-1,0,unknown,yes
29,student,single,unknown,no,2929,no,no,cellular,11,aug,91,1,-1,0,unknown,no
59,retired,married,secondary,no,374,no,no,cellular,29,aug,272,2,-1,0,unknown,no
63,retired,married,primary,no,12067,no,no,telephone,29,apr,660,1,191,1,failure,yes
31,management,divorced,tertiary,no,294,yes,no,cellular,17,jul,536,5,-1,0,unknown,yes
60,retired,married,secondary,no,404,no,no,cellular,5,mar,308,2,196,2,failure,yes
60,housemaid,married,secondary,no,0,no,no,telephone,3,aug,676,2,181,5,failure,yes
37,management,divorced,tertiary,no,1775,no,no,cellular,15,jul,514,5,-1,0,unknown,yes
44,blue-collar,married,secondary,no,-448,yes,no,unknown,18,jun,149,2,-1,0,unknown,no
28,student,single,secondary,no,28,no,no,cellular,29,jan,220,2,-1,0,unknown,no
38,entrepreneur,married,unknown,no,259,no,no,cellular,18,nov,63,1,-1,0,unknown,no
32,technician,married,tertiary,no,-1053,yes,no,cellular,21,jul,357,3,-1,0,unknown,no
44,management,married,tertiary,no,3091,yes,no,unknown,17,jun,331,4,-1,0,unknown,no
26,admin.,married,secondary,no,1417,yes,no,unknown,6,jun,60,3,-1,0,unknown,no
56,services,married,secondary,no,642,yes,no,cellular,30,jan,16,1,2,3,other,no
56,admin.,divorced,secondary,no,1693,no,no,cellular,26,oct,238,4,442,4,failure,yes
41,management,divorced,tertiary,no,107,yes,no,cellular,17,jul,122,17,-1,0,unknown,no
64,management,married,tertiary,no,4688,no,no,cellular,21,oct,200,1,-1,0,unknown,yes
35,technician,married,secondary,no,6,yes,no,cellular,11,may,204,2,348,2,failure,no
31,unemployed,married,secondary,no,-825,yes,no,unknown,7,may,179,2,-1,0,unknown,no
24,student,single,secondary,no,423,yes,no,unknown,5,may,226,3,-1,0,unknown,no
34,management,married,tertiary,no,161,yes,no,cellular,11,jul,378,1,-1,0,unknown,no
41,technician,single,tertiary,no,1646,yes,no,cellular,4,feb,261,1,184,6,success,yes
62,self-employed,divorced,tertiary,no,6,yes,no,cellular,13,oct,216,1,183,4,success,yes
30,admin.,single,secondary,no,2702,yes,no,cellular,24,jul,129,2,-1,0,unknown,no
36,management,married,tertiary,no,0,yes,no,unknown,27,may,145,2,-1,0,unknown,no
37,blue-collar,married,primary,no,461,yes,no,unknown,30,may,272,2,-1,0,unknown,no
54,admin.,divorced,secondary,no,1693,no,no,cellular,30,apr,1277,1,87,2,other,yes
35,technician,married,secondary,no,128,no,yes,cellular,29,jan,456,1,205,2,other,no
34,technician,single,secondary,no,1279,yes,no,cellular,22,jul,174,2,160,8,other,yes
52,management,married,tertiary,no,11650,yes,no,cellular,17,nov,48,1,-1,0,unknown,no
51,management,divorced,tertiary,no,93,yes,yes,cellular,6,may,221,1,-1,0,unknown,no
57,retired,married,secondary,no,5313,no,no,cellular,3,jun,200,1,-1,0,unknown,yes
29,management,single,tertiary,no,697,no,no,cellular,4,feb,206,1,-1,0,unknown,yes
36,blue-collar,married,primary,no,243,yes,yes,unknown,30,may,118,2,-1,0,unknown,no
55,admin.,married,secondary,no,8304,no,no,cellular,1,sep,193,1,92,1,success,yes
44,management,married,tertiary,no,58,yes,no,cellular,14,jul,72,3,-1,0,unknown,no
47,housemaid,married,secondary,no,582,no,no,cellular,13,aug,73,1,-1,0,unknown,no
70,retired,married,secondary,no,2384,no,no,cellular,30,oct,196,2,-1,0,unknown,yes
46,blue-collar,married,secondary,no,640,yes,no,cellular,11,sep,108,2,129,2,failure,yes
18,student,single,unknown,no,348,no,no,cellular,5,may,443,4,-1,0,unknown,yes
73,retired,married,primary,no,5539,no,no,telephone,6,aug,338,1,-1,0,unknown,yes
59,management,married,tertiary,no,0,yes,yes,cellular,20,apr,392,1,-1,0,unknown,yes
35,housemaid,single,primary,no,745,no,no,telephone,5,jun,522,3,-1,0,unknown,yes
31,admin.,single,secondary,no,4198,no,no,cellular,25,nov,234,1,-1,0,unknown,yes
57,management,married,tertiary,no,-92,yes,yes,unknown,20,jun,1617,1,-1,0,unknown,yes
28,blue-collar,single,secondary,no,75,no,no,unknown,1,jun,7,1,-1,0,unknown,no
33,technician,married,secondary,no,557,no,no,cellular,4,may,367,1,-1,0,unknown,yes
55,services,divorced,secondary,no,322,yes,no,cellular,28,jan,342,1,-1,0,unknown,no
49,blue-collar,married,secondary,no,1946,no,no,cellular,16,jul,486,1,-1,0,unknown,yes
33,technician,married,tertiary,no,5641,no,no,cellular,18,aug,168,2,-1,0,unknown,no
38,services,married,secondary,no,1970,yes,no,cellular,30,apr,701,1,176,1,success,yes
24,technician,married,secondary,no,556,yes,no,cellular,18,aug,460,2,-1,0,unknown,yes
38,admin.,divorced,secondary,no,19,yes,no,unknown,30,may,604,2,-1,0,unknown,yes
45,blue-collar,married,primary,no,2433,no,no,cellular,6,aug,133,2,-1,0,unknown,no
47,admin.,divorced,secondary,no,2232,no,no,cellular,27,may,439,1,103,1,success,yes
49,technician,divorced,tertiary,no,1807,yes,no,cellular,2,jun,225,1,82,1,success,no
43,management,single,tertiary,no,11891,no,no,cellular,4,dec,821,5,242,1,success,yes
63,retired,divorced,secondary,no,859,no,no,cellular,13,feb,92,1,-1,0,unknown,no
65,unknown,married,unknown,no,4717,no,no,telephone,6,aug,256,1,-1,0,unknown,yes
49,management,married,tertiary,no,20,yes,no,cellular,4,feb,117,1,-1,0,unknown,no
39,services,married,secondary,no,-311,yes,no,cellular,6,may,55,2,345,2,other,no
33,blue-collar,single,secondary,no,76,yes,no,unknown,4,jun,1141,4,-1,0,unknown,yes
24,blue-collar,married,secondary,no,272,no,no,cellular,16,nov,105,2,94,2,success,yes
43,services,married,primary,no,2557,yes,no,telephone,15,apr,165,2,327,3,failure,yes
46,technician,married,tertiary,no,4176,yes,no,unknown,12,jun,153,6,-1,0,unknown,no
73,retired,divorced,primary,no,5028,no,no,cellular,4,dec,696,10,-1,0,unknown,yes
33,entrepreneur,single,tertiary,no,300,yes,yes,cellular,30,jan,922,5,-1,0,unknown,yes
30,management,single,secondary,no,135,no,no,cellular,14,aug,112,2,-1,0,unknown,no
52,management,married,secondary,no,189,no,no,cellular,22,aug,90,2,-1,0,unknown,no
31,management,single,tertiary,no,409,no,yes,cellular,9,jul,564,5,-1,0,unknown,yes
44,services,divorced,secondary,no,-368,yes,no,cellular,5,may,895,1,-1,0,unknown,yes
31,blue-collar,married,secondary,no,5345,yes,no,cellular,18,nov,260,1,-1,0,unknown,no
31,management,single,tertiary,no,153,no,no,cellular,9,feb,65,3,-1,0,unknown,no
59,management,married,tertiary,no,315,no,no,cellular,2,mar,591,1,176,2,failure,yes
21,student,single,secondary,no,71,no,no,cellular,13,jan,169,2,-1,0,unknown,yes
27,student,single,secondary,no,2614,no,no,cellular,8,apr,143,2,-1,0,unknown,yes
62,retired,married,secondary,no,298,no,no,cellular,17,nov,709,2,-1,0,unknown,yes
29,technician,single,secondary,no,382,no,no,cellular,5,aug,409,4,-1,0,unknown,yes
38,technician,married,secondary,no,185,no,yes,cellular,29,aug,44,16,-1,0,unknown,no
24,student,single,secondary,no,382,no,no,cellular,30,apr,567,2,-1,0,unknown,yes
35,management,single,tertiary,no,1756,no,no,cellular,20,aug,195,1,-1,0,unknown,yes
39,blue-collar,married,secondary,no,1403,no,no,cellular,11,may,214,8,326,2,failure,no
37,management,married,tertiary,no,1125,yes,no,unknown,3,jun,301,1,-1,0,unknown,no
35,management,married,secondary,no,724,yes,no,cellular,14,jul,287,2,415,1,failure,yes
33,services,married,secondary,no,5034,yes,no,unknown,8,may,207,3,-1,0,unknown,no
40,technician,divorced,tertiary,no,1871,yes,no,cellular,17,nov,64,1,-1,0,unknown,no
41,blue-collar,married,secondary,no,-190,no,yes,cellular,29,jul,808,3,-1,0,unknown,yes
25,admin.,married,tertiary,no,906,no,no,cellular,26,may,253,1,-1,0,unknown,yes
47,technician,married,secondary,no,644,no,no,telephone,28,jan,54,3,160,13,failure,no
54,management,married,tertiary,no,195,no,yes,cellular,4,feb,47,1,265,6,other,no
64,retired,married,primary,no,2140,no,no,cellular,16,mar,881,3,155,2,failure,yes
35,admin.,single,secondary,no,182,yes,no,unknown,3,jun,117,1,-1,0,unknown,no
33,blue-collar,married,secondary,no,1240,yes,no,cellular,12,may,844,1,-1,0,unknown,yes
35,admin.,single,secondary,no,303,no,no,cellular,24,sep,173,2,190,10,other,yes
70,retired,married,secondary,no,2575,no,no,telephone,20,apr,216,2,-1,0,unknown,yes
42,technician,divorced,secondary,no,1689,yes,no,cellular,31,jul,50,2,-1,0,unknown,no
32,management,single,tertiary,no,124,no,no,cellular,4,feb,87,2,-1,0,unknown,no
36,services,single,secondary,no,0,yes,no,cellular,15,may,1002,4,-1,0,unknown,yes
30,entrepreneur,single,secondary,no,732,no,no,cellular,3,feb,1404,4,-1,0,unknown,yes
38,blue-collar,single,secondary,no,13156,yes,no,cellular,17,apr,291,4,331,1,failure,no
47,blue-collar,married,primary,no,-245,yes,yes,unknown,12,jun,67,4,-1,0,unknown,no
38,management,married,tertiary,no,595,yes,no,cellular,18,nov,70,1,-1,0,unknown,no
57,admin.,divorced,secondary,no,3100,no,yes,cellular,29,jul,165,2,-1,0,unknown,no
43,management,divorced,unknown,no,7702,no,no,cellular,1,sep,108,7,102,3,success,no
59,blue-collar,married,primary,no,320,yes,no,unknown,15,may,695,1,-1,0,unknown,yes
48,housemaid,single,secondary,no,71,no,no,cellular,28,aug,97,3,-1,0,unknown,no
38,technician,divorced,tertiary,no,1805,no,no,unknown,9,jun,952,2,-1,0,unknown,yes
46,management,married,secondary,no,10,yes,no,cellular,29,jul,122,7,-1,0,unknown,no
30,management,single,tertiary,no,424,no,no,cellular,16,apr,298,4,-1,0,unknown,yes
36,technician,divorced,secondary,no,54,yes,no,cellular,27,aug,1642,3,-1,0,unknown,yes
41,blue-collar,married,secondary,no,140,yes,no,cellular,29,jan,636,2,-1,0,unknown,no
58,blue-collar,married,primary,no,494,no,no,cellular,14,aug,171,10,-1,0,unknown,no
31,management,single,tertiary,no,-173,yes,no,unknown,6,may,396,2,-1,0,unknown,no
27,blue-collar,single,primary,no,3955,yes,no,unknown,28,may,205,3,-1,0,unknown,no
37,technician,single,secondary,no,1435,no,no,cellular,18,aug,724,16,-1,0,unknown,yes
32,management,single,tertiary,no,1077,no,no,cellular,5,aug,200,1,717,4,failure,no
54,management,married,secondary,no,2895,yes,no,cellular,9,feb,20,2,256,1,failure,no
35,services,married,secondary,no,152,yes,no,unknown,2,jun,563,1,-1,0,unknown,yes
33,unemployed,married,secondary,no,-144,no,no,cellular,30,jul,481,3,-1,0,unknown,yes
32,housemaid,married,primary,no,1349,yes,no,cellular,7,aug,132,2,-1,0,unknown,no
36,technician,married,tertiary,no,521,no,no,cellular,20,oct,347,3,-1,0,unknown,yes
23,student,single,tertiary,no,113,no,no,cellular,17,nov,266,1,-1,0,unknown,yes
47,services,married,secondary,no,367,yes,no,cellular,10,jul,476,4,-1,0,unknown,yes
38,technician,married,secondary,no,318,no,no,cellular,4,feb,383,1,181,5,failure,yes
48,management,single,tertiary,no,0,no,no,unknown,18,jun,96,3,-1,0,unknown,no
41,management,married,secondary,no,456,yes,no,cellular,11,aug,734,4,-1,0,unknown,yes
58,technician,divorced,secondary,no,-354,yes,yes,cellular,7,jul,98,1,-1,0,unknown,no
38,unemployed,married,secondary,no,995,no,no,unknown,26,jul,84,1,-1,0,unknown,no
36,blue-collar,single,primary,no,3214,yes,no,unknown,16,jun,124,2,-1,0,unknown,no
42,management,married,unknown,no,1519,no,no,cellular,19,jul,268,1,-1,0,unknown,yes
36,technician,married,secondary,no,-393,no,no,telephone,14,aug,119,4,-1,0,unknown,no
36,blue-collar,married,secondary,no,536,yes,no,cellular,8,apr,274,3,-1,0,unknown,yes
47,admin.,married,secondary,no,829,yes,yes,unknown,14,may,339,1,-1,0,unknown,no
30,services,married,secondary,no,1256,yes,no,cellular,18,may,123,3,-1,0,unknown,no
42,admin.,divorced,secondary,no,241,yes,no,cellular,15,may,1012,3,-1,0,unknown,yes
44,management,married,secondary,no,13054,yes,no,cellular,11,may,471,2,174,12,other,no
34,technician,single,secondary,no,666,no,no,cellular,21,aug,1503,2,-1,0,unknown,yes
58,unemployed,married,secondary,no,687,yes,no,cellular,7,aug,221,1,99,2,success,yes
23,entrepreneur,single,primary,no,4,yes,no,unknown,13,may,395,2,-1,0,unknown,yes
47,unemployed,single,tertiary,no,2500,no,no,cellular,30,jan,240,1,-1,0,unknown,no
29,technician,single,secondary,no,544,yes,no,unknown,13,may,360,1,-1,0,unknown,no
25,management,single,tertiary,no,2399,yes,no,unknown,3,jun,193,2,-1,0,unknown,no
41,management,married,primary,no,733,yes,no,cellular,7,may,69,1,335,7,failure,no
33,technician,single,secondary,no,66,no,no,cellular,5,jun,157,2,-1,0,unknown,yes
46,management,married,tertiary,no,125,yes,no,telephone,12,may,81,5,-1,0,unknown,no
42,management,married,primary,no,5310,yes,no,cellular,22,may,545,2,186,1,success,yes
40,technician,married,tertiary,no,84,no,no,cellular,28,aug,715,8,-1,0,unknown,no
46,technician,married,secondary,no,1167,yes,no,cellular,21,nov,1540,2,-1,0,unknown,yes
33,technician,married,secondary,no,218,yes,yes,telephone,2,mar,169,4,-1,0,unknown,no
38,technician,married,secondary,no,0,no,no,cellular,8,jul,635,1,-1,0,unknown,yes
31,management,married,tertiary,no,676,no,no,cellular,7,aug,1182,1,-1,0,unknown,yes
46,management,married,secondary,no,0,no,no,unknown,12,jun,155,1,-1,0,unknown,no
34,management,single,tertiary,no,757,no,no,cellular,18,aug,37,4,-1,0,unknown,no
35,admin.,single,tertiary,no,777,no,yes,cellular,28,may,85,1,-1,0,unknown,no
46,unemployed,married,secondary,no,2940,yes,no,unknown,29,may,195,2,-1,0,unknown,no
35,blue-collar,married,secondary,no,257,yes,no,cellular,14,may,186,1,-1,0,unknown,no
35,self-employed,married,secondary,no,5613,yes,no,cellular,28,jul,699,3,-1,0,unknown,yes
28,technician,single,tertiary,no,3623,no,no,cellular,10,mar,261,1,-1,0,unknown,yes
49,technician,married,tertiary,no,1235,no,no,cellular,13,aug,354,3,-1,0,unknown,yes
37,admin.,married,tertiary,no,2741,no,no,unknown,16,jun,204,4,-1,0,unknown,no
57,technician,married,secondary,no,254,no,no,cellular,27,oct,207,1,-1,0,unknown,yes
42,blue-collar,married,secondary,no,1468,yes,no,unknown,28,may,136,1,-1,0,unknown,no
41,technician,single,tertiary,no,1646,yes,no,cellular,5,may,258,1,90,7,success,yes
33,management,single,tertiary,no,1909,no,no,cellular,8,aug,191,2,-1,0,unknown,no
38,technician,married,secondary,no,5115,yes,no,cellular,27,feb,99,1,102,6,success,yes
36,management,married,tertiary,no,3874,no,no,cellular,25,aug,425,6,-1,0,unknown,no
35,blue-collar,single,primary,no,1147,yes,yes,telephone,7,may,29,1,-1,0,unknown,no
54,blue-collar,married,primary,no,532,no,no,telephone,31,jul,73,2,-1,0,unknown,no
31,technician,married,tertiary,no,0,no,no,cellular,29,aug,70,2,-1,0,unknown,no
53,management,married,tertiary,no,261,no,no,cellular,19,aug,100,2,-1,0,unknown,no
58,blue-collar,married,secondary,no,25,no,no,unknown,9,jun,486,3,-1,0,unknown,yes
51,self-employed,married,secondary,no,1178,no,no,cellular,6,aug,530,2,-1,0,unknown,no
40,management,divorced,unknown,no,4095,yes,no,cellular,20,apr,281,1,-1,0,unknown,no
30,management,single,tertiary,no,1541,no,no,cellular,18,aug,471,8,-1,0,unknown,yes
52,blue-collar,married,secondary,no,2087,yes,no,cellular,31,aug,267,1,474,1,failure,yes
31,blue-collar,married,secondary,no,-720,yes,yes,unknown,15,may,112,2,-1,0,unknown,no
45,admin.,married,secondary,no,1206,no,no,telephone,8,feb,309,1,446,3,failure,yes
26,admin.,married,secondary,no,710,yes,yes,unknown,6,jun,1276,2,-1,0,unknown,yes
55,technician,single,secondary,no,1199,no,yes,telephone,4,may,159,10,-1,0,unknown,no
39,blue-collar,married,secondary,no,39,yes,no,unknown,18,jun,34,6,-1,0,unknown,no
31,unemployed,single,tertiary,no,1489,yes,no,cellular,3,feb,678,1,-1,0,unknown,no
41,management,divorced,tertiary,no,5037,no,no,cellular,23,apr,252,9,185,5,other,yes
77,retired,married,primary,no,29340,no,no,cellular,15,mar,257,1,91,2,other,yes
32,admin.,married,secondary,no,1661,yes,no,cellular,5,feb,76,1,209,2,failure,no
40,management,married,tertiary,no,7780,no,no,telephone,4,may,364,1,355,1,other,no
30,admin.,married,secondary,no,0,no,no,cellular,1,jun,318,1,-1,0,unknown,yes
31,management,single,tertiary,no,3,no,no,cellular,4,feb,406,2,-1,0,unknown,no
39,admin.,divorced,secondary,no,399,yes,yes,cellular,14,aug,133,2,-1,0,unknown,no
42,technician,married,tertiary,no,921,no,no,cellular,5,aug,531,3,-1,0,unknown,yes
42,technician,married,secondary,no,534,no,no,cellular,5,aug,314,1,-1,0,unknown,no
43,unemployed,married,tertiary,no,0,no,no,cellular,18,oct,464,1,94,2,success,yes
50,admin.,married,secondary,no,10250,yes,no,cellular,7,dec,254,3,385,2,other,yes
44,blue-collar,married,secondary,no,3060,yes,no,cellular,20,apr,87,2,151,3,failure,no
39,housemaid,married,primary,no,13338,no,no,cellular,11,aug,103,4,-1,0,unknown,no
31,blue-collar,married,secondary,no,1766,no,yes,cellular,5,jun,166,2,-1,0,unknown,yes
28,services,single,secondary,no,5090,yes,no,unknown,6,may,1297,3,-1,0,unknown,yes
31,management,divorced,tertiary,no,-6,no,yes,cellular,22,aug,119,6,-1,0,unknown,no
39,blue-collar,married,secondary,no,62,yes,no,cellular,7,may,877,3,-1,0,unknown,yes
58,self-employed,married,tertiary,no,2596,no,no,telephone,18,nov,15,2,-1,0,unknown,no
30,blue-collar,married,secondary,no,167,yes,no,cellular,10,jul,255,1,-1,0,unknown,yes
33,student,single,unknown,no,2321,no,no,cellular,15,apr,699,2,381,2,failure,no
32,admin.,married,tertiary,no,281,yes,no,unknown,6,may,226,1,-1,0,unknown,no
51,services,divorced,secondary,no,242,no,yes,cellular,14,jul,1336,4,-1,0,unknown,yes
30,blue-collar,single,secondary,no,148,no,no,cellular,2,apr,206,1,-1,0,unknown,no
54,admin.,married,secondary,no,602,no,no,cellular,3,mar,143,2,-1,0,unknown,yes
39,management,single,secondary,no,2644,no,no,cellular,19,aug,192,7,-1,0,unknown,no
69,services,married,unknown,no,23592,no,no,cellular,3,jul,837,3,-1,0,unknown,no
29,technician,single,tertiary,no,0,yes,no,cellular,7,may,347,2,337,6,failure,yes
32,unemployed,married,secondary,no,2996,yes,no,unknown,19,may,68,1,-1,0,unknown,no
48,entrepreneur,married,secondary,no,0,no,yes,cellular,28,jul,431,2,-1,0,unknown,yes
42,management,married,tertiary,no,1205,no,no,telephone,8,sep,376,2,-1,0,unknown,yes
34,technician,married,tertiary,no,23076,no,no,cellular,26,may,243,2,35,6,other,yes
43,blue-collar,married,primary,no,2952,no,no,cellular,3,aug,417,2,95,1,other,yes
41,technician,married,secondary,no,2123,no,no,cellular,8,aug,130,2,-1,0,unknown,no
61,management,married,tertiary,no,175,no,no,telephone,5,aug,270,2,-1,0,unknown,yes
52,technician,married,secondary,no,0,yes,no,cellular,7,sep,211,1,294,1,failure,yes
37,services,single,primary,no,0,no,yes,cellular,6,feb,155,6,245,5,other,no
36,entrepreneur,divorced,tertiary,no,3407,no,no,cellular,9,jun,993,4,85,4,success,yes
24,student,single,secondary,no,8165,no,no,cellular,15,sep,216,1,-1,0,unknown,yes
46,technician,married,tertiary,no,0,no,no,cellular,20,nov,531,1,167,1,failure,yes
33,services,married,secondary,no,1076,no,no,cellular,11,nov,131,1,96,5,failure,yes
40,services,married,secondary,no,518,no,no,telephone,17,jul,84,1,-1,0,unknown,no
31,management,married,tertiary,no,877,no,no,cellular,9,sep,209,1,92,8,success,yes
39,blue-collar,married,secondary,no,284,yes,yes,cellular,17,apr,1426,2,318,6,failure,no
42,management,divorced,tertiary,no,1064,no,no,cellular,18,aug,101,2,-1,0,unknown,no
26,blue-collar,single,secondary,no,3145,no,no,cellular,28,dec,1141,1,209,1,other,yes
30,student,single,secondary,no,1681,no,no,cellular,7,dec,329,2,-1,0,unknown,yes
32,technician,single,secondary,no,719,yes,no,unknown,28,may,79,6,-1,0,unknown,no
27,technician,single,tertiary,no,4661,no,no,cellular,8,apr,114,1,-1,0,unknown,yes
33,management,married,tertiary,no,1808,no,no,cellular,28,dec,250,3,-1,0,unknown,yes
57,technician,married,secondary,no,589,yes,no,cellular,11,aug,167,1,190,5,failure,yes
77,retired,divorced,tertiary,no,4659,no,no,cellular,14,apr,161,1,-1,0,unknown,yes
26,management,married,tertiary,no,243,no,no,cellular,26,may,482,1,-1,0,unknown,yes
55,entrepreneur,married,secondary,no,27624,no,no,telephone,3,jun,437,1,-1,0,unknown,yes
29,self-employed,single,tertiary,no,655,no,no,cellular,23,mar,273,1,-1,0,unknown,yes
31,services,married,secondary,no,-327,yes,no,unknown,28,may,408,1,-1,0,unknown,no
36,technician,single,secondary,no,3254,yes,no,unknown,27,oct,207,1,-1,0,unknown,yes
82,retired,married,primary,no,8603,no,no,cellular,7,jul,429,1,-1,0,unknown,yes
44,blue-collar,married,primary,no,1265,yes,no,cellular,16,jul,555,1,-1,0,unknown,yes
64,retired,divorced,primary,no,315,no,no,cellular,17,feb,154,1,-1,0,unknown,yes
43,unemployed,divorced,secondary,no,1854,no,no,cellular,30,apr,323,1,-1,0,unknown,yes
39,admin.,single,secondary,no,14,yes,yes,unknown,13,may,19,9,-1,0,unknown,no
61,retired,married,secondary,no,1058,no,no,cellular,27,jul,218,2,91,3,success,yes
28,self-employed,single,tertiary,no,1579,no,no,cellular,13,jan,163,1,91,3,failure,yes
32,blue-collar,single,secondary,no,6337,yes,no,cellular,19,nov,126,2,-1,0,unknown,no
58,management,married,tertiary,no,3228,no,no,cellular,19,aug,58,2,-1,0,unknown,no
45,technician,married,secondary,no,144,yes,yes,cellular,14,jul,154,4,-1,0,unknown,no
30,services,divorced,secondary,no,1336,yes,no,cellular,18,may,13,3,355,5,failure,no
41,blue-collar,divorced,primary,no,138,yes,no,cellular,18,jul,640,3,-1,0,unknown,yes
55,retired,divorced,secondary,no,1580,no,yes,unknown,19,jun,1007,1,-1,0,unknown,yes
45,blue-collar,married,secondary,no,1723,no,no,cellular,1,jun,166,2,-1,0,unknown,yes
54,management,married,tertiary,no,0,yes,no,cellular,24,jul,140,2,-1,0,unknown,no
41,blue-collar,married,secondary,no,641,yes,no,unknown,13,may,161,1,-1,0,unknown,no
31,management,single,tertiary,no,533,no,no,cellular,12,nov,90,3,93,6,success,yes
55,technician,married,tertiary,no,1320,no,no,cellular,28,jul,340,1,91,2,success,yes
46,admin.,married,secondary,no,1252,yes,yes,cellular,17,nov,59,1,-1,0,unknown,no
37,technician,married,tertiary,no,127,yes,no,cellular,25,aug,192,1,193,1,success,yes
35,management,single,tertiary,no,2707,no,no,cellular,5,feb,699,1,-1,0,unknown,yes
38,blue-collar,married,primary,no,2240,yes,no,cellular,19,nov,551,1,183,1,failure,no
35,blue-collar,married,secondary,no,860,yes,no,unknown,5,jun,884,4,-1,0,unknown,yes
72,retired,married,primary,no,4657,no,no,cellular,22,dec,305,3,309,5,success,yes
41,technician,married,tertiary,no,-15,yes,no,cellular,6,may,33,1,-1,0,unknown,no
32,management,married,tertiary,no,927,no,no,cellular,8,oct,282,1,-1,0,unknown,no
65,retired,married,tertiary,no,2416,no,no,cellular,17,feb,221,2,-1,0,unknown,yes
40,technician,divorced,secondary,no,311,no,no,cellular,6,aug,738,2,-1,0,unknown,yes
47,housemaid,single,primary,no,2785,yes,no,cellular,13,may,570,1,-1,0,unknown,yes
52,housemaid,married,secondary,no,234,no,no,cellular,20,nov,208,1,-1,0,unknown,no
30,management,married,tertiary,no,-181,yes,no,cellular,19,nov,621,2,-1,0,unknown,no
38,admin.,single,secondary,no,262,no,no,cellular,3,feb,315,2,180,6,failure,yes
58,blue-collar,single,secondary,no,119,yes,yes,cellular,12,may,985,1,-1,0,unknown,yes
60,entrepreneur,divorced,secondary,no,80,yes,no,unknown,15,may,397,1,-1,0,unknown,no
40,admin.,divorced,secondary,no,2129,no,no,cellular,30,apr,452,1,-1,0,unknown,yes
33,technician,single,tertiary,no,317,yes,no,cellular,4,jun,323,1,80,14,other,yes
47,technician,single,secondary,no,736,no,no,cellular,29,jul,212,2,-1,0,unknown,no
40,services,married,secondary,no,473,yes,no,cellular,28,jul,383,3,-1,0,unknown,yes
32,blue-collar,single,secondary,no,70,yes,no,unknown,26,may,118,6,-1,0,unknown,no
34,management,divorced,tertiary,no,1173,no,yes,cellular,18,jul,93,1,-1,0,unknown,no
56,blue-collar,married,primary,no,3498,no,no,cellular,15,apr,264,2,-1,0,unknown,yes
37,management,married,tertiary,no,5355,no,no,telephone,17,feb,466,4,-1,0,unknown,yes
26,technician,single,secondary,no,44,no,no,cellular,30,oct,217,1,-1,0,unknown,yes
35,blue-collar,married,secondary,no,444,yes,no,cellular,15,apr,244,3,-1,0,unknown,no
23,technician,single,secondary,no,-782,yes,yes,unknown,19,jun,197,10,-1,0,unknown,no
37,blue-collar,married,primary,no,178,yes,yes,unknown,9,jun,72,1,-1,0,unknown,no
42,blue-collar,married,secondary,no,-972,yes,no,unknown,29,may,146,1,-1,0,unknown,no
23,blue-collar,married,secondary,no,272,no,no,cellular,14,aug,100,2,-1,0,unknown,yes
51,blue-collar,married,secondary,no,4787,yes,no,cellular,7,apr,895,1,-1,0,unknown,yes
53,services,married,secondary,no,197,yes,no,cellular,17,apr,307,1,-1,0,unknown,no
43,blue-collar,single,primary,no,0,no,no,cellular,9,jul,1242,1,-1,0,unknown,yes
49,technician,married,secondary,no,412,no,no,cellular,19,aug,1293,8,-1,0,unknown,yes
41,services,married,unknown,yes,-1,no,yes,cellular,30,jul,1171,4,-1,0,unknown,yes
37,management,single,tertiary,no,3141,no,no,cellular,4,may,384,2,-1,0,unknown,yes
41,blue-collar,married,secondary,no,580,yes,no,cellular,14,may,874,1,363,1,failure,yes
52,management,married,tertiary,no,583,no,no,cellular,17,may,376,1,181,3,success,yes
30,blue-collar,married,secondary,no,5,no,no,cellular,17,apr,840,3,-1,0,unknown,yes
39,management,married,tertiary,no,2939,no,no,cellular,15,jan,348,2,-1,0,unknown,yes
36,entrepreneur,married,primary,no,177,yes,no,unknown,12,may,63,5,-1,0,unknown,no
71,retired,married,tertiary,no,14220,yes,no,cellular,9,sep,397,1,-1,0,unknown,yes
36,services,single,secondary,no,1227,yes,yes,cellular,4,may,775,5,341,3,failure,yes
51,retired,married,primary,no,1495,no,no,telephone,25,jul,1946,4,-1,0,unknown,yes
35,management,single,tertiary,no,592,no,yes,unknown,14,may,192,1,-1,0,unknown,no
58,management,married,secondary,no,-382,no,no,telephone,5,feb,398,4,189,12,success,no
29,housemaid,single,tertiary,no,2196,no,no,cellular,5,aug,215,1,-1,0,unknown,yes
35,unemployed,married,secondary,no,978,no,no,cellular,29,jun,660,2,182,6,success,yes
24,blue-collar,single,secondary,no,174,yes,yes,cellular,18,may,487,1,-1,0,unknown,yes
34,technician,divorced,tertiary,no,674,yes,no,cellular,7,aug,587,2,-1,0,unknown,yes
49,management,married,tertiary,no,4751,no,no,cellular,12,aug,884,4,-1,0,unknown,yes
63,retired,divorced,primary,no,1840,no,no,cellular,12,mar,71,3,-1,0,unknown,no
43,blue-collar,married,secondary,no,953,yes,no,cellular,4,feb,765,2,-1,0,unknown,yes
30,management,married,tertiary,no,1221,yes,no,telephone,25,jul,279,4,-1,0,unknown,yes
40,blue-collar,married,secondary,no,5060,no,no,unknown,9,nov,299,1,-1,0,unknown,yes
54,management,married,tertiary,no,1303,no,no,cellular,3,feb,1635,1,-1,0,unknown,yes
29,blue-collar,married,secondary,no,339,yes,no,cellular,15,may,63,3,354,2,failure,no
31,admin.,single,secondary,no,396,yes,no,unknown,19,may,104,1,-1,0,unknown,no
37,admin.,married,secondary,no,1049,no,no,cellular,31,jul,126,5,-1,0,unknown,no
77,retired,married,secondary,no,820,no,no,telephone,21,oct,330,2,181,4,success,yes
49,services,married,tertiary,no,306,yes,no,cellular,18,aug,285,7,-1,0,unknown,no
40,entrepreneur,divorced,secondary,no,2998,yes,no,cellular,18,jul,623,3,-1,0,unknown,yes
41,technician,married,secondary,no,2152,no,no,cellular,30,sep,134,1,121,1,other,no
50,blue-collar,married,primary,no,888,no,yes,telephone,10,jul,160,3,-1,0,unknown,no
50,entrepreneur,married,secondary,no,556,yes,no,unknown,16,may,130,2,-1,0,unknown,no
27,admin.,divorced,secondary,no,451,yes,no,cellular,16,jul,652,1,-1,0,unknown,yes
33,technician,married,tertiary,no,599,yes,no,cellular,29,aug,461,2,-1,0,unknown,no
45,admin.,divorced,secondary,no,-176,no,yes,cellular,7,jul,574,1,-1,0,unknown,yes
29,management,married,tertiary,no,941,yes,no,unknown,4,jun,570,11,-1,0,unknown,no
36,management,single,tertiary,no,171,no,no,unknown,17,jun,398,4,-1,0,unknown,no
28,admin.,single,secondary,no,2,yes,no,cellular,24,jul,454,1,-1,0,unknown,yes
59,retired,married,secondary,no,2396,no,no,cellular,27,aug,1040,6,-1,0,unknown,yes
53,management,married,secondary,no,51,yes,no,cellular,17,apr,109,1,-1,0,unknown,no
38,entrepreneur,married,secondary,no,2139,yes,no,unknown,9,may,576,1,-1,0,unknown,no
56,management,divorced,tertiary,no,442,no,no,unknown,28,may,77,3,-1,0,unknown,no
28,technician,married,secondary,no,655,yes,no,unknown,9,may,179,2,-1,0,unknown,no
34,technician,married,secondary,no,0,no,no,cellular,9,jul,628,1,-1,0,unknown,no
36,admin.,single,secondary,no,148,yes,no,cellular,15,may,1357,4,374,2,failure,yes
69,retired,divorced,primary,no,482,no,no,cellular,2,jul,260,2,-1,0,unknown,yes
53,management,married,tertiary,no,1624,no,no,cellular,30,apr,284,3,84,3,success,yes
28,technician,single,tertiary,no,676,no,no,cellular,5,feb,1138,2,-1,0,unknown,yes
39,services,married,secondary,no,304,yes,yes,unknown,9,may,323,1,-1,0,unknown,no
57,management,married,tertiary,no,1227,no,no,cellular,5,jun,232,1,-1,0,unknown,yes
32,services,single,unknown,no,2378,no,no,cellular,17,nov,1132,2,-1,0,unknown,yes
48,services,married,primary,no,483,no,no,cellular,6,aug,119,2,-1,0,unknown,no
57,retired,married,primary,no,3518,yes,no,cellular,25,aug,626,3,-1,0,unknown,yes
26,blue-collar,single,secondary,no,396,yes,no,unknown,28,may,302,1,-1,0,unknown,no
73,retired,married,secondary,no,2850,no,no,cellular,8,oct,512,1,144,7,failure,no
52,blue-collar,married,secondary,no,5828,yes,no,telephone,13,may,276,2,-1,0,unknown,no
31,management,single,tertiary,no,5691,yes,no,cellular,21,nov,37,2,123,1,failure,no
40,unemployed,single,tertiary,no,79,no,no,cellular,15,oct,570,1,135,1,failure,yes
45,entrepreneur,divorced,tertiary,no,-395,yes,no,unknown,13,may,470,1,-1,0,unknown,yes
58,unemployed,single,tertiary,no,2094,no,no,cellular,1,jun,161,2,-1,0,unknown,no
53,management,divorced,secondary,no,1004,no,yes,telephone,22,dec,119,1,-1,0,unknown,yes
31,blue-collar,married,secondary,no,64,yes,no,cellular,18,jul,302,3,-1,0,unknown,no
36,unknown,married,secondary,no,179,no,no,cellular,8,aug,14,8,-1,0,unknown,no
33,technician,single,tertiary,no,154,no,no,cellular,18,mar,159,2,-1,0,unknown,no
24,student,single,secondary,no,387,no,no,telephone,4,may,340,8,-1,0,unknown,yes
35,technician,married,secondary,no,15474,no,no,cellular,21,nov,89,1,92,2,other,no
29,management,single,tertiary,no,841,no,no,cellular,5,feb,217,1,-1,0,unknown,no
37,management,married,tertiary,no,5,no,no,cellular,29,aug,36,2,-1,0,unknown,no
54,management,married,tertiary,no,1411,no,no,cellular,12,aug,56,2,-1,0,unknown,no
51,technician,married,tertiary,no,1533,no,no,unknown,18,jun,242,2,-1,0,unknown,no
24,student,single,primary,no,1235,no,no,cellular,14,jul,334,4,93,6,other,yes
53,management,married,tertiary,no,597,no,no,unknown,22,feb,392,1,-1,0,unknown,yes
69,retired,married,secondary,no,0,no,no,cellular,25,aug,412,2,-1,0,unknown,yes
38,housemaid,married,secondary,no,634,no,no,unknown,11,jun,105,4,-1,0,unknown,no
36,technician,married,secondary,no,368,yes,yes,unknown,6,may,1597,2,-1,0,unknown,yes
40,blue-collar,married,primary,no,0,yes,no,cellular,21,jul,1080,4,-1,0,unknown,yes
37,management,married,primary,no,4721,no,no,telephone,28,jan,46,1,-1,0,unknown,no
25,student,married,tertiary,no,10,yes,no,cellular,21,jul,857,4,-1,0,unknown,yes
53,blue-collar,divorced,primary,no,4401,no,no,telephone,11,aug,254,1,-1,0,unknown,yes
31,management,divorced,tertiary,no,1145,yes,no,unknown,26,may,1272,4,-1,0,unknown,yes
37,technician,married,tertiary,no,341,no,no,cellular,13,aug,287,3,182,3,success,yes
28,admin.,single,tertiary,no,373,yes,no,cellular,4,feb,126,1,-1,0,unknown,no
30,management,single,tertiary,no,533,no,no,cellular,4,may,365,4,-1,0,unknown,yes
48,management,married,secondary,no,4415,yes,no,cellular,8,apr,1032,3,141,7,failure,yes
61,self-employed,married,tertiary,no,10861,no,no,cellular,26,jul,336,2,259,3,success,yes
33,entrepreneur,married,secondary,no,3140,yes,yes,cellular,21,nov,7,5,-1,0,unknown,no
51,blue-collar,married,secondary,no,500,no,no,cellular,14,may,471,1,-1,0,unknown,no
63,retired,married,secondary,no,4752,no,no,cellular,2,sep,233,2,-1,0,unknown,yes
39,services,married,secondary,no,1970,yes,no,unknown,8,jun,30,1,404,2,success,no
34,self-employed,single,tertiary,no,5462,no,no,cellular,30,apr,430,1,-1,0,unknown,yes
32,blue-collar,married,secondary,yes,-53,yes,no,cellular,16,apr,648,1,272,1,other,yes
34,admin.,married,secondary,no,1406,yes,no,cellular,20,aug,63,2,85,1,success,yes
47,management,single,tertiary,no,372,no,no,cellular,15,jun,257,1,-1,0,unknown,yes
29,services,married,secondary,no,376,no,yes,telephone,28,jan,49,3,183,4,failure,no
27,admin.,single,secondary,no,592,yes,yes,cellular,5,feb,466,3,-1,0,unknown,no
73,retired,married,tertiary,no,448,no,no,cellular,24,mar,136,1,-1,0,unknown,yes
32,self-employed,single,tertiary,no,1815,no,no,telephone,10,aug,235,1,102,2,failure,yes
38,technician,divorced,tertiary,no,304,yes,no,cellular,20,apr,8,2,-1,0,unknown,no
41,self-employed,single,unknown,no,426,yes,no,unknown,19,jun,75,1,-1,0,unknown,no
36,management,married,tertiary,no,-547,yes,no,cellular,30,apr,267,1,259,2,failure,no
32,technician,single,tertiary,no,390,yes,no,unknown,23,may,85,1,-1,0,unknown,no
54,technician,single,secondary,no,224,no,no,cellular,5,aug,134,2,-1,0,unknown,no
38,technician,married,primary,no,217,yes,no,unknown,9,jun,491,6,-1,0,unknown,yes
36,technician,single,secondary,no,7503,yes,no,telephone,5,may,193,1,335,1,failure,no
53,management,married,tertiary,no,9072,no,no,cellular,18,nov,117,2,-1,0,unknown,no
25,services,single,tertiary,no,130,yes,no,cellular,16,jul,49,1,-1,0,unknown,no
45,blue-collar,married,secondary,no,603,no,no,cellular,22,may,204,1,-1,0,unknown,no
40,technician,married,secondary,no,-28,yes,yes,unknown,30,may,289,2,-1,0,unknown,no
36,admin.,married,secondary,no,96,no,no,cellular,30,apr,208,1,87,1,success,yes
33,blue-collar,divorced,primary,no,390,yes,no,unknown,9,may,665,2,-1,0,unknown,yes
31,technician,married,secondary,no,180,no,no,cellular,26,may,222,1,70,2,success,no
26,blue-collar,married,secondary,no,5795,yes,no,cellular,14,may,1094,2,-1,0,unknown,yes
30,services,single,secondary,no,1268,yes,no,cellular,8,apr,105,4,320,8,other,yes
38,housemaid,married,secondary,no,110,no,no,cellular,25,may,167,1,-1,0,unknown,no
31,management,married,tertiary,no,2603,yes,no,cellular,11,feb,280,4,-1,0,unknown,yes
36,technician,single,secondary,no,125,yes,no,cellular,15,may,676,3,-1,0,unknown,yes
49,blue-collar,divorced,primary,no,-9,yes,yes,unknown,5,may,389,1,-1,0,unknown,no
54,management,married,tertiary,no,313,yes,no,unknown,5,may,83,2,-1,0,unknown,no
28,blue-collar,single,primary,no,54,yes,no,cellular,14,may,533,1,371,1,other,yes
33,self-employed,married,secondary,no,409,no,no,cellular,8,sep,165,1,97,4,success,yes
46,admin.,divorced,secondary,no,875,yes,yes,cellular,11,may,269,3,353,2,failure,no
30,technician,single,secondary,no,4787,yes,no,cellular,18,nov,266,1,167,2,failure,no
43,services,single,secondary,no,21,no,no,cellular,3,feb,203,3,-1,0,unknown,no
65,retired,married,secondary,no,20806,no,no,telephone,8,apr,523,2,-1,0,unknown,yes
40,entrepreneur,married,tertiary,no,3571,no,no,unknown,9,jun,222,3,-1,0,unknown,no
33,technician,married,secondary,yes,72,yes,no,unknown,6,may,623,1,-1,0,unknown,no
65,retired,married,primary,no,1004,no,no,cellular,28,oct,371,1,-1,0,unknown,yes
47,admin.,married,secondary,no,3070,no,no,cellular,7,aug,663,4,-1,0,unknown,yes
37,admin.,divorced,secondary,no,3975,yes,no,cellular,11,may,163,2,-1,0,unknown,no
41,housemaid,married,primary,no,46,no,no,cellular,22,aug,268,1,-1,0,unknown,no
77,retired,married,primary,no,1385,no,no,telephone,8,sep,160,4,-1,0,unknown,no
55,technician,married,secondary,no,264,yes,yes,cellular,31,jul,1150,5,-1,0,unknown,yes
38,admin.,married,primary,no,-175,yes,no,telephone,21,jul,86,9,-1,0,unknown,no
41,unemployed,single,tertiary,no,7968,no,no,cellular,2,sep,404,1,184,4,success,yes
22,self-employed,single,tertiary,no,780,no,no,cellular,17,mar,272,3,-1,0,unknown,yes
48,management,divorced,tertiary,no,503,no,yes,unknown,12,jun,1243,7,-1,0,unknown,yes
54,management,married,secondary,yes,5249,yes,no,cellular,17,nov,108,1,-1,0,unknown,no
30,management,single,tertiary,no,168,no,no,cellular,27,aug,35,13,-1,0,unknown,no
45,management,married,unknown,no,2724,no,no,cellular,28,jun,359,2,182,1,success,yes
41,unknown,single,unknown,no,942,no,no,cellular,22,apr,219,1,-1,0,unknown,yes
46,admin.,divorced,secondary,no,1198,yes,yes,cellular,7,apr,837,1,307,1,other,no
22,student,single,secondary,no,254,no,no,cellular,13,jan,143,2,-1,0,unknown,yes
26,technician,single,secondary,no,223,no,yes,cellular,21,jul,1002,3,-1,0,unknown,yes
58,housemaid,married,primary,no,260,yes,no,telephone,15,may,71,5,364,3,failure,no
69,retired,married,secondary,no,0,no,no,cellular,27,jul,666,1,90,4,success,yes
44,self-employed,divorced,tertiary,no,1070,yes,no,cellular,30,apr,381,1,160,2,other,yes
40,management,married,tertiary,no,10786,no,no,unknown,20,jun,111,3,-1,0,unknown,no
51,management,married,tertiary,no,-15,no,no,cellular,25,jul,212,2,-1,0,unknown,no
41,management,married,tertiary,no,0,no,no,cellular,11,aug,1242,5,-1,0,unknown,yes
65,retired,married,tertiary,no,1948,no,no,cellular,2,feb,102,2,-1,0,unknown,no
37,management,married,tertiary,no,6771,no,no,cellular,5,mar,319,1,-1,0,unknown,yes
46,blue-collar,married,secondary,no,2348,no,no,cellular,17,nov,182,1,-1,0,unknown,no
30,management,married,tertiary,no,1942,yes,yes,cellular,21,nov,436,2,178,3,other,yes
59,retired,married,primary,no,0,yes,no,cellular,28,jul,20,4,-1,0,unknown,no
26,blue-collar,single,primary,no,941,no,no,cellular,29,jan,1165,1,-1,0,unknown,yes
65,retired,divorced,secondary,no,828,no,no,cellular,13,jul,305,1,-1,0,unknown,yes
44,technician,married,tertiary,no,1933,no,no,cellular,5,jun,462,1,-1,0,unknown,yes
37,management,married,secondary,no,565,no,no,cellular,29,apr,449,1,398,1,success,yes
33,management,single,tertiary,no,541,yes,yes,unknown,21,may,572,1,-1,0,unknown,no
40,admin.,married,secondary,no,-253,yes,no,cellular,9,jul,177,1,-1,0,unknown,no
32,blue-collar,married,secondary,yes,-1,yes,no,unknown,9,may,653,1,-1,0,unknown,yes
35,entrepreneur,divorced,secondary,no,80,no,no,cellular,20,aug,67,5,-1,0,unknown,no
30,blue-collar,single,secondary,no,228,no,no,cellular,5,feb,232,1,365,1,failure,no
32,admin.,married,secondary,no,0,no,no,cellular,25,jul,209,1,-1,0,unknown,no
28,student,single,tertiary,no,0,no,no,cellular,28,sep,294,2,105,7,other,yes
79,retired,married,secondary,no,8304,no,no,cellular,9,dec,456,2,275,9,success,yes
59,retired,married,secondary,no,2291,no,yes,cellular,14,jul,127,3,-1,0,unknown,no
38,management,married,tertiary,no,4174,no,no,cellular,23,oct,336,2,184,5,failure,yes
26,blue-collar,single,secondary,no,428,no,yes,cellular,7,jul,575,1,-1,0,unknown,no
23,student,single,unknown,no,854,yes,no,unknown,28,may,664,2,-1,0,unknown,yes
56,blue-collar,married,primary,no,0,yes,no,cellular,16,jul,1222,1,-1,0,unknown,yes
40,admin.,married,secondary,no,1060,yes,no,cellular,17,apr,14,3,-1,0,unknown,no
22,management,single,tertiary,no,104,no,yes,cellular,16,apr,330,3,-1,0,unknown,yes
53,retired,married,secondary,no,665,yes,no,cellular,22,apr,371,2,-1,0,unknown,yes
74,retired,married,primary,no,670,no,no,cellular,23,apr,266,5,-1,0,unknown,yes
32,technician,single,tertiary,no,1855,no,no,cellular,15,sep,126,2,134,1,other,yes
49,blue-collar,divorced,primary,no,24,yes,no,cellular,11,may,701,1,362,1,success,yes
43,blue-collar,married,unknown,no,285,yes,no,cellular,15,may,22,6,-1,0,unknown,no
32,technician,married,secondary,no,253,yes,no,cellular,21,nov,76,1,170,3,failure,no
41,blue-collar,married,secondary,no,306,yes,no,telephone,11,may,86,1,369,2,failure,no
47,management,married,tertiary,no,2475,yes,no,cellular,20,nov,1476,4,-1,0,unknown,no
26,admin.,single,tertiary,no,313,no,yes,cellular,2,jun,199,1,96,2,success,yes
29,admin.,single,secondary,no,613,yes,no,unknown,19,jun,779,1,-1,0,unknown,no
36,technician,married,tertiary,no,4388,no,no,cellular,8,aug,52,3,-1,0,unknown,no
49,admin.,married,secondary,no,197,yes,no,cellular,13,apr,223,1,182,2,failure,yes
72,retired,married,primary,no,0,no,no,cellular,29,dec,215,2,-1,0,unknown,no
35,admin.,married,secondary,no,898,yes,no,cellular,9,apr,214,1,-1,0,unknown,yes
46,blue-collar,married,primary,no,804,yes,no,cellular,12,may,1063,2,361,1,success,yes
32,admin.,single,secondary,no,223,yes,yes,unknown,27,may,236,4,-1,0,unknown,no
58,technician,married,secondary,no,0,yes,no,cellular,15,jul,53,1,-1,0,unknown,no
33,management,married,tertiary,no,322,yes,no,cellular,16,apr,77,3,-1,0,unknown,no
52,services,married,secondary,no,992,yes,no,cellular,27,oct,424,1,515,1,failure,yes
62,retired,divorced,tertiary,no,0,no,no,cellular,13,nov,227,2,-1,0,unknown,yes
44,services,single,secondary,no,618,no,no,cellular,12,may,193,1,-1,0,unknown,yes
74,retired,married,primary,no,5539,no,no,cellular,12,jul,390,2,159,3,failure,no
53,management,married,unknown,no,527,yes,no,cellular,23,jul,71,3,-1,0,unknown,no
60,blue-collar,married,primary,no,1262,yes,yes,unknown,13,may,1015,1,-1,0,unknown,yes
45,self-employed,married,tertiary,no,-497,yes,yes,cellular,20,nov,260,1,-1,0,unknown,no
42,management,married,tertiary,no,976,no,no,cellular,19,aug,164,1,-1,0,unknown,yes
50,management,divorced,tertiary,no,299,no,no,cellular,17,nov,666,3,-1,0,unknown,no
31,technician,single,secondary,no,846,no,no,cellular,26,may,405,3,205,2,failure,yes
41,management,married,tertiary,no,1092,no,no,cellular,5,aug,736,1,-1,0,unknown,yes
42,management,married,tertiary,no,187,no,no,cellular,11,aug,64,1,-1,0,unknown,no
39,management,single,tertiary,no,1914,no,no,cellular,18,aug,94,4,-1,0,unknown,no
28,management,single,tertiary,no,730,yes,no,cellular,3,mar,631,1,-1,0,unknown,yes
30,services,single,unknown,no,138,yes,no,cellular,20,apr,187,1,-1,0,unknown,no
80,retired,married,secondary,no,1610,no,no,cellular,12,aug,71,1,-1,0,unknown,no
59,management,divorced,tertiary,no,258,yes,no,cellular,20,apr,33,1,173,1,success,no
24,blue-collar,single,secondary,no,3,yes,no,cellular,15,may,311,1,-1,0,unknown,no
36,management,married,tertiary,no,925,no,no,cellular,14,dec,321,3,189,4,success,yes
56,retired,married,primary,no,152,yes,yes,cellular,30,jul,65,7,-1,0,unknown,no
49,management,single,tertiary,no,1350,yes,yes,cellular,11,may,716,1,-1,0,unknown,no
40,housemaid,married,secondary,no,84,yes,yes,unknown,12,jun,230,7,-1,0,unknown,no
41,technician,single,secondary,no,30,no,no,unknown,23,may,1003,1,-1,0,unknown,no
41,management,married,tertiary,no,141,yes,yes,unknown,8,may,146,3,-1,0,unknown,no
24,admin.,married,secondary,no,541,yes,no,unknown,5,jun,622,4,-1,0,unknown,no
34,technician,single,tertiary,no,1039,no,no,cellular,11,aug,342,3,-1,0,unknown,no
29,management,single,tertiary,no,1218,no,no,cellular,30,jan,258,2,-1,0,unknown,no
28,student,single,tertiary,no,3,no,no,cellular,11,nov,135,2,148,1,other,no
41,technician,single,tertiary,no,431,no,no,cellular,22,oct,133,1,107,2,success,yes
41,blue-collar,divorced,primary,no,285,yes,no,cellular,20,apr,1272,2,-1,0,unknown,yes
57,blue-collar,married,primary,no,8403,no,no,unknown,20,jun,11,11,-1,0,unknown,no
37,technician,married,secondary,no,157,yes,no,unknown,7,may,238,2,-1,0,unknown,no
70,retired,married,tertiary,no,44,no,no,cellular,18,sep,1104,2,88,2,other,yes
39,housemaid,married,tertiary,no,94,no,no,cellular,6,aug,181,2,-1,0,unknown,no
34,management,married,tertiary,no,11,yes,no,cellular,17,jul,654,1,-1,0,unknown,no
34,technician,single,tertiary,no,2838,yes,no,cellular,13,may,620,3,-1,0,unknown,yes
27,student,single,secondary,no,672,no,no,cellular,18,mar,236,2,-1,0,unknown,no
30,unemployed,married,tertiary,no,330,no,no,cellular,3,jul,264,1,80,1,success,yes
46,self-employed,married,primary,no,3262,no,no,cellular,14,aug,77,8,-1,0,unknown,no
43,technician,married,secondary,no,4945,yes,no,cellular,3,sep,219,3,185,2,success,yes
42,technician,married,tertiary,no,757,no,no,cellular,10,feb,154,1,-1,0,unknown,yes
35,admin.,married,secondary,no,404,yes,no,unknown,29,may,539,1,-1,0,unknown,yes
58,unemployed,married,secondary,no,1625,no,no,cellular,5,feb,286,2,-1,0,unknown,yes
49,blue-collar,married,primary,yes,-354,no,yes,cellular,7,jul,455,1,-1,0,unknown,no
33,management,single,tertiary,no,191,no,yes,cellular,3,feb,678,4,209,1,failure,no
31,technician,married,secondary,no,-160,yes,no,cellular,14,jul,126,6,-1,0,unknown,no
33,management,single,tertiary,no,432,no,no,telephone,20,aug,588,6,-1,0,unknown,yes
35,self-employed,divorced,tertiary,no,1354,yes,no,unknown,23,may,736,2,-1,0,unknown,yes
59,admin.,married,primary,no,879,yes,no,cellular,30,jan,126,5,259,7,failure,no
39,services,married,secondary,no,0,yes,no,cellular,8,may,503,1,-1,0,unknown,no
37,management,single,tertiary,no,1449,no,no,unknown,3,jun,291,1,-1,0,unknown,no
31,blue-collar,single,secondary,no,1205,yes,no,cellular,16,apr,462,1,328,2,other,no
31,blue-collar,married,secondary,no,136,no,no,cellular,12,may,228,2,267,1,failure,yes
56,admin.,married,secondary,no,1694,no,no,cellular,21,aug,793,10,-1,0,unknown,yes
38,unemployed,married,tertiary,no,2812,yes,no,cellular,30,apr,830,1,-1,0,unknown,yes
34,admin.,single,secondary,no,1504,yes,no,unknown,12,may,395,3,-1,0,unknown,no
46,entrepreneur,married,tertiary,no,-43,no,no,unknown,12,may,138,8,-1,0,unknown,no
43,blue-collar,divorced,primary,no,515,yes,no,cellular,18,nov,182,1,-1,0,unknown,no
20,student,married,unknown,no,292,no,no,cellular,5,aug,385,2,93,1,failure,yes
38,entrepreneur,married,tertiary,no,678,no,yes,cellular,18,nov,82,2,152,1,failure,no
30,technician,single,secondary,no,2567,no,no,cellular,18,jun,813,4,-1,0,unknown,yes
50,technician,divorced,secondary,no,8016,no,no,cellular,17,jul,903,4,-1,0,unknown,no
44,unemployed,married,secondary,no,0,no,no,cellular,21,nov,175,4,-1,0,unknown,no
76,housemaid,divorced,primary,no,1411,no,no,telephone,15,apr,170,3,-1,0,unknown,yes
31,unemployed,married,tertiary,no,330,no,no,cellular,13,jul,309,1,181,3,success,yes
81,retired,divorced,primary,no,4321,no,no,cellular,11,aug,163,3,-1,0,unknown,no
63,admin.,divorced,secondary,no,4680,no,no,cellular,15,sep,953,2,-1,0,unknown,yes
49,admin.,single,tertiary,no,228,yes,no,cellular,3,sep,252,2,93,2,success,yes
37,blue-collar,married,secondary,no,3884,yes,no,cellular,20,apr,28,5,-1,0,unknown,no
55,management,married,secondary,no,2410,yes,no,cellular,17,nov,135,1,-1,0,unknown,no
31,blue-collar,married,secondary,no,1329,yes,yes,unknown,9,may,134,1,-1,0,unknown,no
54,technician,married,secondary,no,0,no,no,telephone,14,aug,159,2,106,6,success,no
56,management,divorced,tertiary,no,-141,no,no,cellular,28,jul,101,4,-1,0,unknown,no
42,management,married,tertiary,no,372,yes,no,cellular,3,aug,654,2,-1,0,unknown,yes
46,management,divorced,tertiary,no,1297,no,no,cellular,11,aug,716,3,-1,0,unknown,yes
35,self-employed,single,primary,no,181,yes,no,unknown,15,may,19,8,-1,0,unknown,no
58,services,married,secondary,no,-37,no,yes,telephone,6,feb,150,2,205,6,failure,no
46,unemployed,married,secondary,no,2551,no,no,cellular,12,aug,645,2,-1,0,unknown,yes
57,admin.,married,secondary,no,2137,no,no,telephone,8,jul,132,7,-1,0,unknown,no
37,services,married,secondary,no,4017,no,no,cellular,16,oct,156,1,-1,0,unknown,yes
29,admin.,single,secondary,no,2768,yes,no,unknown,2,jun,121,4,-1,0,unknown,no
23,technician,single,secondary,no,4545,no,no,cellular,3,jun,200,1,-1,0,unknown,no
44,technician,married,tertiary,no,717,no,no,cellular,3,jun,150,2,-1,0,unknown,no
51,management,divorced,tertiary,no,119,no,no,unknown,5,jun,112,2,-1,0,unknown,no
35,management,married,tertiary,no,1471,yes,yes,cellular,13,aug,236,3,-1,0,unknown,no
23,technician,single,tertiary,no,1129,yes,no,unknown,28,may,806,1,-1,0,unknown,yes
19,student,single,primary,no,608,no,no,cellular,12,may,236,1,180,2,success,yes
72,retired,married,secondary,no,1129,no,no,cellular,26,aug,186,1,-1,0,unknown,yes
37,technician,married,secondary,no,1458,no,no,cellular,30,apr,281,1,-1,0,unknown,yes
34,management,married,tertiary,no,118,no,yes,telephone,17,jul,171,3,-1,0,unknown,no
45,unknown,married,primary,no,44,no,no,unknown,11,jun,81,1,-1,0,unknown,no
45,housemaid,married,secondary,no,360,no,no,cellular,3,nov,215,1,-1,0,unknown,yes
25,management,single,tertiary,no,219,no,no,cellular,4,aug,576,1,96,1,success,yes
54,housemaid,married,primary,no,3151,no,no,unknown,18,jun,350,7,-1,0,unknown,no
32,technician,single,secondary,no,483,yes,yes,cellular,18,may,35,6,-1,0,unknown,no
35,management,single,tertiary,no,644,yes,no,unknown,30,may,120,2,-1,0,unknown,no
44,technician,single,primary,no,237,yes,no,cellular,25,jul,54,1,-1,0,unknown,no
51,admin.,divorced,secondary,no,340,yes,no,unknown,8,may,186,1,-1,0,unknown,no
51,entrepreneur,married,unknown,no,606,yes,no,unknown,28,may,560,9,-1,0,unknown,yes
62,retired,married,secondary,no,569,no,no,cellular,4,aug,288,1,1,8,success,yes
29,management,single,tertiary,no,15459,no,no,cellular,18,feb,264,7,-1,0,unknown,yes
58,admin.,married,secondary,no,169,no,no,cellular,15,feb,216,1,91,4,success,yes
37,admin.,married,secondary,no,597,no,no,cellular,2,jun,395,1,-1,0,unknown,yes
45,blue-collar,married,primary,no,360,no,no,unknown,20,jun,98,2,-1,0,unknown,no
54,unemployed,divorced,secondary,no,1664,no,no,cellular,15,sep,106,1,105,3,success,yes
30,management,single,tertiary,no,114,no,no,cellular,14,aug,65,4,-1,0,unknown,no
26,student,single,secondary,no,100,no,no,cellular,26,may,445,1,-1,0,unknown,yes
27,self-employed,single,tertiary,no,4574,no,no,cellular,12,aug,187,2,-1,0,unknown,no
44,entrepreneur,married,tertiary,no,121,no,no,cellular,9,nov,248,1,91,1,success,yes
40,technician,married,secondary,no,2266,no,no,cellular,26,may,175,3,89,7,other,yes
30,management,single,tertiary,no,277,yes,no,cellular,8,may,166,1,42,1,other,no
43,blue-collar,married,unknown,no,245,yes,no,cellular,16,apr,829,1,-1,0,unknown,no
42,technician,single,secondary,no,49,no,no,cellular,9,feb,7,10,-1,0,unknown,no
49,management,married,tertiary,no,1887,no,no,cellular,18,nov,244,3,-1,0,unknown,no
46,admin.,married,secondary,no,179,yes,no,cellular,29,jan,194,4,436,1,other,no
37,entrepreneur,married,secondary,no,-170,yes,no,unknown,28,may,39,1,-1,0,unknown,no
35,entrepreneur,married,tertiary,no,1859,yes,no,cellular,14,jul,227,2,-1,0,unknown,no
27,student,single,secondary,no,6036,no,no,cellular,31,mar,175,1,181,1,failure,yes
28,self-employed,single,tertiary,no,4579,no,no,cellular,12,jan,409,2,-1,0,unknown,yes
31,unemployed,single,primary,no,406,no,no,cellular,4,feb,736,1,-1,0,unknown,yes
52,blue-collar,married,tertiary,no,297,yes,no,cellular,18,nov,62,2,195,1,failure,no
36,blue-collar,single,secondary,no,366,yes,yes,unknown,30,may,1133,2,-1,0,unknown,yes
31,technician,divorced,secondary,no,10787,yes,no,unknown,4,jun,135,2,-1,0,unknown,no
54,technician,divorced,tertiary,no,2133,no,no,cellular,18,nov,176,1,-1,0,unknown,no
62,retired,married,tertiary,no,2557,yes,no,cellular,10,nov,404,1,57,8,success,yes
63,housemaid,married,secondary,no,2,no,no,cellular,4,feb,45,2,93,1,success,no
53,management,married,tertiary,no,232,yes,no,telephone,29,jan,32,1,-1,0,unknown,no
28,technician,married,primary,no,-58,yes,no,unknown,8,may,74,1,-1,0,unknown,no
42,entrepreneur,married,secondary,no,169,yes,no,telephone,15,may,87,4,-1,0,unknown,no
36,housemaid,married,primary,no,622,no,no,unknown,20,jun,55,5,-1,0,unknown,no
31,unemployed,divorced,tertiary,no,256,yes,no,cellular,16,jul,873,2,-1,0,unknown,yes
32,student,married,secondary,no,833,yes,no,telephone,2,nov,227,5,164,3,other,no
26,blue-collar,single,secondary,no,592,yes,yes,unknown,27,may,174,1,-1,0,unknown,no
52,services,divorced,primary,no,130,yes,no,unknown,29,may,103,2,-1,0,unknown,no
38,technician,married,tertiary,no,202,no,no,cellular,5,aug,1311,2,-1,0,unknown,yes
33,technician,married,secondary,no,3572,yes,no,cellular,18,nov,85,2,-1,0,unknown,no
34,admin.,single,tertiary,no,625,no,yes,unknown,31,aug,34,1,-1,0,unknown,yes
29,blue-collar,married,secondary,no,8,yes,yes,cellular,10,jul,627,1,-1,0,unknown,yes
38,blue-collar,married,secondary,no,530,yes,no,cellular,20,apr,59,3,-1,0,unknown,no
38,technician,married,secondary,no,0,yes,no,cellular,22,jul,1545,1,-1,0,unknown,yes
40,entrepreneur,single,secondary,no,5,no,yes,cellular,15,jul,117,3,-1,0,unknown,no
27,management,single,tertiary,no,1720,no,no,cellular,15,jun,910,1,224,3,success,yes
33,management,single,tertiary,no,1962,no,no,cellular,13,jul,363,1,181,1,failure,yes
55,blue-collar,married,secondary,no,2854,yes,no,cellular,7,may,312,1,-1,0,unknown,no
54,retired,married,secondary,no,3846,yes,yes,unknown,19,jun,216,2,-1,0,unknown,no
50,blue-collar,single,primary,no,1743,yes,no,unknown,6,jun,49,5,-1,0,unknown,no
31,self-employed,married,tertiary,no,5,yes,yes,cellular,21,nov,635,1,135,2,failure,yes
46,admin.,divorced,secondary,no,1342,yes,no,cellular,4,feb,135,1,-1,0,unknown,no
29,management,single,tertiary,no,-27,no,no,cellular,13,may,270,1,-1,0,unknown,yes
52,services,married,secondary,no,992,yes,no,cellular,27,jan,342,1,92,2,success,yes
25,services,divorced,secondary,no,1694,no,no,cellular,7,jul,159,2,-1,0,unknown,no
32,management,divorced,tertiary,no,12,no,no,cellular,17,jul,321,1,-1,0,unknown,no
60,admin.,married,secondary,no,3547,no,no,telephone,15,jun,351,6,-1,0,unknown,yes
41,entrepreneur,single,secondary,no,663,no,no,cellular,24,jul,1204,1,-1,0,unknown,yes
25,management,single,tertiary,no,1602,yes,no,cellular,26,may,154,1,-1,0,unknown,no
42,management,married,tertiary,no,6060,yes,no,cellular,30,apr,316,1,350,2,failure,yes
36,management,divorced,tertiary,no,81,no,yes,cellular,22,jul,560,1,-1,0,unknown,yes
29,management,single,tertiary,no,572,yes,no,telephone,8,nov,319,1,-1,0,unknown,yes
33,blue-collar,divorced,unknown,yes,-274,yes,yes,cellular,17,apr,715,2,329,2,failure,yes
33,admin.,single,tertiary,no,2,no,no,cellular,29,jan,132,2,-1,0,unknown,no
30,management,single,tertiary,no,19358,no,no,cellular,19,nov,258,2,-1,0,unknown,no
34,technician,married,secondary,no,133,no,no,cellular,12,may,171,2,181,3,success,yes
46,technician,married,secondary,yes,289,no,no,unknown,7,may,51,3,-1,0,unknown,no
53,management,married,tertiary,no,1624,no,no,cellular,6,aug,107,1,98,6,success,yes
55,housemaid,divorced,primary,no,0,no,no,unknown,20,jun,398,2,-1,0,unknown,no
34,management,single,tertiary,no,2633,yes,no,cellular,21,nov,705,6,-1,0,unknown,yes
37,management,married,tertiary,no,2987,yes,no,cellular,13,may,216,1,87,10,success,yes
45,services,divorced,secondary,no,608,yes,yes,cellular,7,may,1135,3,323,30,failure,yes
25,services,single,secondary,no,333,no,yes,cellular,15,jul,1056,2,-1,0,unknown,yes
46,blue-collar,married,secondary,no,668,yes,no,unknown,15,may,1263,2,-1,0,unknown,yes
40,blue-collar,married,secondary,no,1844,yes,no,cellular,11,may,231,1,-1,0,unknown,no
49,blue-collar,married,secondary,no,1219,yes,no,cellular,26,aug,168,5,-1,0,unknown,no
34,unemployed,married,secondary,no,428,yes,no,cellular,7,apr,221,2,267,3,other,no
56,blue-collar,married,primary,no,551,no,no,unknown,29,may,27,1,-1,0,unknown,no
33,blue-collar,single,primary,no,1,yes,no,cellular,20,apr,257,1,-1,0,unknown,no
31,admin.,married,secondary,no,35,no,no,cellular,30,apr,615,1,-1,0,unknown,yes
37,admin.,single,tertiary,no,1000,yes,no,cellular,15,jun,322,1,90,1,success,yes
29,blue-collar,married,primary,no,25,yes,no,unknown,4,jun,188,2,-1,0,unknown,no
33,technician,married,secondary,no,183,no,no,cellular,16,jul,457,2,182,3,other,yes
35,management,married,tertiary,no,2717,no,no,cellular,13,aug,394,6,-1,0,unknown,yes
54,unemployed,married,secondary,no,377,no,no,cellular,8,apr,1134,1,-1,0,unknown,yes
61,retired,married,tertiary,no,5267,no,no,cellular,11,feb,226,3,-1,0,unknown,yes
40,blue-collar,married,secondary,no,-839,yes,yes,cellular,16,jul,1018,2,-1,0,unknown,yes
34,admin.,single,secondary,no,1880,yes,no,unknown,23,may,297,1,-1,0,unknown,no
36,management,married,tertiary,no,203,no,no,cellular,29,oct,139,1,-1,0,unknown,yes
46,management,married,tertiary,no,4693,no,yes,cellular,7,aug,79,1,394,2,failure,yes
35,unemployed,single,primary,no,68,no,no,cellular,3,jul,175,1,-1,0,unknown,yes
56,retired,divorced,tertiary,no,158,no,yes,cellular,21,jul,854,1,-1,0,unknown,yes
33,services,single,secondary,no,406,yes,no,cellular,5,feb,61,1,275,1,failure,no
58,technician,single,secondary,no,382,no,no,cellular,13,aug,460,2,-1,0,unknown,no
31,self-employed,married,tertiary,no,168,no,no,cellular,4,feb,193,2,-1,0,unknown,yes
38,management,married,tertiary,no,536,yes,no,cellular,22,jul,248,1,-1,0,unknown,yes
71,retired,married,secondary,no,1696,no,no,cellular,6,oct,486,1,-1,0,unknown,yes
53,technician,married,tertiary,no,988,no,no,cellular,20,aug,1408,5,-1,0,unknown,yes
57,blue-collar,married,primary,no,3109,no,no,cellular,15,sep,107,2,105,2,success,yes
35,entrepreneur,single,tertiary,no,-880,no,yes,cellular,24,jul,77,3,-1,0,unknown,no
34,unemployed,married,secondary,no,200,yes,no,unknown,26,may,155,6,-1,0,unknown,no
43,services,divorced,unknown,no,2363,yes,no,cellular,17,nov,229,1,-1,0,unknown,no
51,entrepreneur,married,tertiary,no,36935,yes,no,cellular,21,nov,41,1,-1,0,unknown,no
63,retired,married,secondary,no,1612,no,no,telephone,17,feb,233,2,-1,0,unknown,yes
43,blue-collar,married,primary,no,953,yes,no,unknown,19,may,135,1,-1,0,unknown,no
18,student,single,unknown,no,3,no,no,cellular,25,aug,130,2,-1,0,unknown,yes
39,admin.,married,secondary,no,3047,yes,no,cellular,11,may,279,1,370,2,failure,no
40,technician,married,secondary,no,503,yes,no,unknown,14,may,127,3,-1,0,unknown,no
57,blue-collar,married,primary,no,0,no,no,unknown,9,jun,73,2,-1,0,unknown,no
71,retired,divorced,secondary,no,4380,no,no,cellular,22,sep,369,1,-1,0,unknown,yes
56,unemployed,married,secondary,no,0,no,no,telephone,2,feb,492,1,-1,0,unknown,yes
55,technician,divorced,tertiary,no,264,yes,no,unknown,30,may,34,2,-1,0,unknown,no
36,technician,married,secondary,no,1345,yes,no,cellular,18,nov,82,1,172,3,failure,no
42,technician,married,secondary,no,0,no,no,cellular,30,jul,351,2,-1,0,unknown,no
31,technician,married,tertiary,no,2166,no,no,cellular,13,jul,577,6,182,2,success,yes
41,technician,married,secondary,no,-329,no,no,telephone,5,feb,13,8,238,9,other,no
34,services,married,secondary,no,295,yes,yes,cellular,4,jul,64,1,-1,0,unknown,no
39,entrepreneur,married,tertiary,no,350,yes,no,cellular,24,jul,230,2,-1,0,unknown,no
49,technician,married,tertiary,no,1071,no,no,cellular,16,sep,225,1,91,1,success,yes
44,management,divorced,tertiary,no,2367,no,no,cellular,22,sep,263,1,184,6,success,yes
49,management,married,tertiary,no,1093,yes,yes,cellular,15,sep,316,1,246,4,success,yes
29,student,single,secondary,no,67,no,no,cellular,23,feb,211,1,187,5,success,yes
36,entrepreneur,single,tertiary,no,658,yes,no,unknown,16,jun,61,3,-1,0,unknown,no
35,management,married,tertiary,no,520,yes,no,cellular,4,may,458,3,17,5,failure,yes
45,management,married,tertiary,no,623,no,no,cellular,9,sep,405,3,-1,0,unknown,no
35,admin.,single,secondary,no,-32,no,yes,cellular,9,feb,63,4,182,5,failure,yes
60,admin.,married,primary,no,-444,no,yes,cellular,16,jul,227,1,-1,0,unknown,no
32,self-employed,single,tertiary,no,658,yes,no,cellular,27,mar,283,1,-1,0,unknown,yes
24,self-employed,single,tertiary,no,931,yes,no,unknown,28,may,200,4,-1,0,unknown,no
26,student,single,secondary,no,502,yes,no,telephone,7,may,82,1,-1,0,unknown,no
53,retired,married,tertiary,no,2269,no,no,cellular,17,nov,1091,2,150,1,success,yes
32,unemployed,married,unknown,no,881,no,no,cellular,9,feb,79,5,-1,0,unknown,no
34,admin.,single,secondary,no,673,yes,no,cellular,29,jan,89,1,260,2,failure,no
54,services,married,secondary,no,171,no,yes,cellular,14,jul,673,8,-1,0,unknown,no
57,housemaid,married,primary,no,2234,no,no,unknown,11,jun,201,5,-1,0,unknown,no
26,technician,single,tertiary,no,686,yes,no,unknown,30,may,98,2,-1,0,unknown,no
25,services,single,secondary,no,162,yes,no,cellular,1,sep,531,2,-1,0,unknown,yes
55,unemployed,married,primary,no,1221,no,yes,cellular,8,jul,108,1,-1,0,unknown,no
59,retired,single,secondary,no,351,yes,no,unknown,27,may,1063,5,-1,0,unknown,yes
40,services,married,secondary,no,-192,yes,no,cellular,11,may,666,1,-1,0,unknown,yes
53,management,married,primary,no,13901,yes,no,cellular,21,nov,59,1,-1,0,unknown,no
60,retired,married,secondary,no,938,no,no,cellular,13,jan,380,3,-1,0,unknown,yes
51,technician,married,tertiary,no,0,no,no,cellular,7,may,662,2,66,2,success,yes
44,blue-collar,married,secondary,no,794,yes,no,cellular,5,feb,342,1,252,1,other,no
37,admin.,married,secondary,no,1396,yes,no,cellular,22,jul,199,2,-1,0,unknown,no
55,admin.,married,secondary,no,602,no,no,cellular,4,feb,390,2,150,6,success,yes
31,management,married,secondary,no,8629,yes,no,cellular,21,nov,957,1,184,2,failure,yes
47,admin.,single,secondary,no,1693,yes,no,cellular,22,oct,608,2,92,4,other,yes
33,entrepreneur,single,secondary,no,278,no,no,cellular,1,feb,563,5,-1,0,unknown,yes
50,admin.,divorced,secondary,no,237,no,yes,telephone,5,nov,169,1,-1,0,unknown,yes
79,retired,married,secondary,no,8304,no,no,telephone,9,mar,303,9,-1,0,unknown,yes
47,blue-collar,married,secondary,no,116,yes,no,unknown,8,may,376,2,-1,0,unknown,no
51,retired,single,tertiary,no,730,yes,no,unknown,18,nov,287,2,-1,0,unknown,no
40,entrepreneur,married,tertiary,no,1953,yes,no,unknown,6,jun,112,5,-1,0,unknown,no
52,management,married,tertiary,no,576,no,no,cellular,18,aug,762,3,-1,0,unknown,yes
23,technician,single,secondary,no,283,yes,no,cellular,22,sep,175,1,184,2,success,yes
24,technician,married,secondary,no,556,yes,no,cellular,8,feb,278,1,94,4,success,yes
34,housemaid,married,secondary,yes,0,no,no,cellular,21,aug,398,2,-1,0,unknown,no
59,housemaid,divorced,tertiary,no,0,no,no,cellular,20,apr,379,1,332,2,other,no
48,admin.,married,secondary,no,112,no,no,cellular,18,aug,139,5,-1,0,unknown,no
53,housemaid,married,primary,no,70,no,no,cellular,21,aug,77,8,-1,0,unknown,no
27,self-employed,single,tertiary,no,147,no,no,cellular,22,jun,111,5,-1,0,unknown,no
46,technician,divorced,tertiary,no,0,no,no,cellular,28,jan,1199,2,-1,0,unknown,yes
45,services,married,unknown,no,8319,no,no,cellular,15,jun,75,2,-1,0,unknown,no
27,admin.,married,secondary,no,1596,no,no,cellular,1,sep,82,1,-1,0,unknown,yes
50,technician,married,secondary,no,1717,no,no,telephone,7,jul,416,8,-1,0,unknown,no
35,blue-collar,single,secondary,no,4963,yes,no,cellular,14,may,456,1,300,1,failure,yes
37,admin.,married,secondary,no,1283,yes,no,unknown,20,may,209,1,-1,0,unknown,no
42,entrepreneur,divorced,secondary,no,335,yes,no,cellular,12,may,580,1,-1,0,unknown,yes
33,admin.,married,secondary,no,-370,yes,no,cellular,7,may,261,1,345,1,failure,yes
27,management,married,tertiary,no,802,no,no,cellular,22,sep,569,1,-1,0,unknown,yes
43,admin.,married,secondary,no,2682,no,no,cellular,30,jul,103,8,-1,0,unknown,no
52,services,married,secondary,no,2081,yes,no,unknown,29,may,150,1,-1,0,unknown,no
33,technician,single,tertiary,no,3689,no,no,cellular,27,aug,445,3,-1,0,unknown,yes
38,blue-collar,married,secondary,no,1165,yes,no,cellular,13,aug,784,3,94,10,failure,yes
43,admin.,married,secondary,no,1996,no,yes,cellular,31,jul,34,3,-1,0,unknown,no
43,technician,married,tertiary,no,0,no,no,cellular,4,aug,1488,2,-1,0,unknown,yes
33,admin.,married,secondary,no,7,yes,no,cellular,17,apr,612,1,148,1,failure,no
52,management,married,tertiary,no,1158,no,no,cellular,27,aug,57,4,-1,0,unknown,no
52,services,married,unknown,no,337,yes,no,unknown,19,may,85,3,-1,0,unknown,no
34,technician,married,tertiary,no,5547,yes,no,cellular,19,aug,73,6,-1,0,unknown,no
36,management,married,secondary,no,1989,no,no,unknown,17,jun,344,2,-1,0,unknown,no
33,blue-collar,married,secondary,no,1541,yes,no,unknown,23,may,423,2,-1,0,unknown,no
48,blue-collar,married,secondary,no,1000,yes,no,unknown,12,jun,1268,2,-1,0,unknown,yes
59,admin.,married,primary,no,1040,no,no,telephone,31,jul,733,1,-1,0,unknown,no
32,management,married,secondary,no,1477,yes,no,cellular,18,nov,111,1,-1,0,unknown,no
35,management,single,tertiary,no,6659,yes,no,unknown,21,may,83,1,-1,0,unknown,no
37,services,married,secondary,no,50,yes,no,unknown,8,may,352,3,-1,0,unknown,no
31,technician,married,secondary,no,4182,yes,no,cellular,4,may,347,2,-1,0,unknown,yes
48,admin.,single,secondary,no,479,yes,yes,unknown,18,jun,533,3,-1,0,unknown,no
35,technician,married,tertiary,no,328,yes,no,cellular,22,jul,654,2,-1,0,unknown,yes
78,retired,divorced,secondary,no,631,no,no,telephone,11,aug,95,1,-1,0,unknown,no
35,blue-collar,married,secondary,no,1949,yes,no,unknown,2,jun,200,3,-1,0,unknown,no
40,blue-collar,married,secondary,no,750,yes,yes,cellular,16,apr,340,1,281,1,failure,no
44,blue-collar,divorced,secondary,no,-222,yes,no,unknown,27,may,112,3,-1,0,unknown,no
36,blue-collar,married,primary,no,223,yes,no,unknown,14,jul,12,3,-1,0,unknown,no
31,technician,single,tertiary,no,985,yes,no,cellular,17,apr,997,1,57,2,failure,yes
47,technician,divorced,secondary,no,1013,no,no,cellular,15,sep,170,1,92,3,failure,yes
34,technician,married,secondary,no,652,yes,yes,cellular,18,jul,50,4,-1,0,unknown,no
30,technician,single,secondary,no,151,no,no,cellular,3,feb,276,2,-1,0,unknown,no
53,entrepreneur,married,secondary,no,162,yes,no,cellular,7,may,270,2,-1,0,unknown,no
59,retired,single,secondary,yes,-341,no,yes,cellular,14,jul,94,3,-1,0,unknown,no
51,unemployed,married,secondary,no,234,no,no,cellular,22,aug,735,1,-1,0,unknown,yes
38,technician,married,unknown,no,573,yes,no,unknown,6,may,87,1,-1,0,unknown,no
33,management,single,tertiary,no,1781,no,no,cellular,8,oct,611,2,183,1,success,yes
31,management,single,tertiary,no,0,no,no,cellular,25,aug,9,12,-1,0,unknown,no
34,services,married,secondary,no,2918,no,yes,cellular,4,jun,246,1,196,2,success,yes
40,retired,married,tertiary,no,794,no,no,unknown,9,may,138,1,-1,0,unknown,no
33,technician,married,secondary,no,4,yes,yes,unknown,18,jun,625,2,-1,0,unknown,yes
31,self-employed,married,tertiary,no,2666,no,no,cellular,10,nov,318,2,97,6,success,yes
30,self-employed,married,tertiary,no,2666,no,no,cellular,5,aug,475,2,93,4,success,yes
43,technician,married,secondary,no,3288,yes,no,cellular,21,nov,775,3,-1,0,unknown,yes
35,blue-collar,single,unknown,no,484,no,no,cellular,8,jul,344,1,87,3,failure,yes
38,services,married,secondary,no,3165,yes,no,unknown,12,may,152,2,-1,0,unknown,no
45,self-employed,married,secondary,no,7,no,no,cellular,20,nov,691,1,-1,0,unknown,yes
40,blue-collar,single,secondary,no,3,no,no,cellular,19,nov,998,1,-1,0,unknown,yes
49,management,single,tertiary,no,1556,yes,no,cellular,28,jul,674,3,-1,0,unknown,no
32,technician,single,secondary,no,945,no,no,cellular,4,may,312,3,-1,0,unknown,no
42,blue-collar,divorced,primary,no,301,yes,no,cellular,17,jul,1175,2,-1,0,unknown,yes
58,technician,married,secondary,no,86,no,no,cellular,30,jul,95,3,-1,0,unknown,no
24,admin.,single,secondary,no,172,no,no,cellular,3,feb,114,1,-1,0,unknown,no
32,management,married,tertiary,no,1331,no,no,cellular,12,nov,126,1,92,5,failure,yes
58,entrepreneur,married,tertiary,no,2920,yes,no,unknown,9,jun,136,1,-1,0,unknown,no
76,retired,married,secondary,no,820,no,no,telephone,23,apr,263,4,-1,0,unknown,yes
21,student,single,primary,no,8278,no,no,cellular,29,oct,445,1,-1,0,unknown,yes
51,management,married,tertiary,no,4917,no,no,cellular,23,apr,113,1,-1,0,unknown,yes
45,admin.,married,secondary,no,231,yes,no,unknown,18,jun,151,3,-1,0,unknown,no
49,blue-collar,married,primary,no,2356,no,yes,telephone,14,jul,236,2,-1,0,unknown,no
47,admin.,married,secondary,no,1387,yes,no,cellular,14,oct,158,1,826,1,failure,no
42,blue-collar,married,secondary,no,366,yes,no,cellular,22,may,324,1,106,1,failure,yes
33,admin.,single,secondary,no,-15,no,no,telephone,12,may,326,3,350,2,failure,no
44,management,married,primary,no,294,no,no,cellular,16,apr,165,3,-1,0,unknown,yes
58,management,married,tertiary,no,473,no,no,cellular,18,feb,1109,1,262,1,success,yes
30,entrepreneur,single,secondary,no,265,yes,yes,unknown,3,jun,67,10,-1,0,unknown,no
45,management,married,tertiary,no,1309,no,no,cellular,2,jul,367,1,-1,0,unknown,yes
48,blue-collar,married,primary,no,214,yes,yes,cellular,14,may,307,1,177,2,failure,yes
29,technician,married,secondary,no,2326,no,no,cellular,6,mar,195,1,-1,0,unknown,yes
49,blue-collar,married,primary,no,67,no,yes,cellular,13,aug,269,4,-1,0,unknown,no
29,management,single,tertiary,no,1808,no,no,cellular,7,jul,273,2,433,1,success,yes
27,student,single,tertiary,no,3733,yes,no,telephone,13,feb,299,6,-1,0,unknown,yes
32,housemaid,married,primary,no,51,yes,no,cellular,12,may,324,1,-1,0,unknown,no
54,self-employed,married,secondary,no,203,yes,no,telephone,7,jul,238,8,-1,0,unknown,no
41,technician,married,secondary,no,128,yes,no,cellular,27,aug,100,2,-1,0,unknown,no
32,blue-collar,married,secondary,no,225,yes,no,cellular,17,apr,574,1,150,1,failure,yes
54,self-employed,married,primary,no,0,no,yes,telephone,9,jul,130,2,-1,0,unknown,no
30,admin.,married,secondary,no,4457,yes,no,cellular,21,nov,566,4,-1,0,unknown,yes
40,blue-collar,married,secondary,no,1023,yes,no,cellular,13,may,64,5,336,11,other,no
40,management,single,tertiary,no,27,no,no,cellular,27,aug,165,6,-1,0,unknown,no
33,blue-collar,married,secondary,no,3576,yes,no,cellular,2,apr,124,1,308,2,other,no
50,admin.,divorced,secondary,no,797,yes,no,telephone,25,jul,72,8,-1,0,unknown,no
31,self-employed,single,tertiary,no,1815,no,no,telephone,9,feb,1541,1,-1,0,unknown,yes
30,unemployed,single,secondary,no,2424,no,no,cellular,12,nov,110,1,279,1,failure,yes
36,management,married,tertiary,no,2547,no,no,cellular,31,jul,292,1,-1,0,unknown,no
58,management,married,tertiary,no,4152,yes,no,cellular,30,apr,750,2,164,4,other,yes
33,admin.,married,tertiary,no,79,yes,no,cellular,22,oct,249,2,335,2,failure,yes
34,technician,married,tertiary,no,149,no,no,cellular,22,aug,739,2,-1,0,unknown,yes
29,admin.,divorced,tertiary,yes,0,no,yes,cellular,9,jul,426,3,-1,0,unknown,yes
37,self-employed,married,primary,no,0,no,no,unknown,7,may,112,4,-1,0,unknown,no
27,blue-collar,single,secondary,no,3792,no,no,cellular,22,apr,279,2,-1,0,unknown,yes
27,management,single,secondary,no,843,no,no,cellular,12,jul,123,2,185,1,success,no
27,technician,divorced,secondary,no,1977,yes,no,cellular,22,may,449,1,-1,0,unknown,yes
36,technician,married,secondary,no,1368,no,no,cellular,1,jun,516,1,292,5,failure,yes
84,retired,married,tertiary,no,4761,no,no,telephone,9,sep,1405,1,92,3,failure,yes
38,management,single,tertiary,no,3646,yes,no,cellular,12,may,1710,2,286,1,other,yes
42,blue-collar,divorced,primary,no,419,yes,yes,unknown,14,may,96,4,-1,0,unknown,no
47,technician,married,secondary,no,2246,yes,no,cellular,10,jul,330,1,-1,0,unknown,no
30,services,single,secondary,no,-158,yes,no,cellular,12,may,426,1,370,2,failure,yes
52,retired,married,secondary,no,0,no,no,cellular,22,aug,351,5,-1,0,unknown,no
45,services,married,primary,no,2406,yes,yes,cellular,20,apr,108,2,-1,0,unknown,no
54,admin.,married,secondary,no,865,yes,no,cellular,17,nov,71,1,-1,0,unknown,no
34,entrepreneur,married,secondary,no,223,no,yes,cellular,11,aug,103,6,-1,0,unknown,no
43,technician,married,secondary,no,7876,yes,no,cellular,11,aug,209,2,-1,0,unknown,no
38,blue-collar,married,secondary,no,961,yes,no,unknown,16,may,346,1,-1,0,unknown,no
29,technician,single,tertiary,no,2269,yes,no,cellular,20,apr,53,1,346,1,failure,no
22,student,single,secondary,no,107,no,no,cellular,14,apr,125,1,-1,0,unknown,yes
39,technician,single,tertiary,no,21,yes,no,unknown,23,may,58,1,-1,0,unknown,no
36,entrepreneur,married,tertiary,no,2700,no,no,cellular,4,feb,99,3,-1,0,unknown,no
33,management,married,tertiary,no,644,no,no,cellular,11,aug,99,2,-1,0,unknown,no
47,admin.,married,secondary,no,298,yes,no,cellular,11,may,183,1,-1,0,unknown,no
38,self-employed,married,secondary,no,173,no,no,cellular,18,aug,205,4,-1,0,unknown,no
69,retired,married,unknown,no,426,no,no,telephone,9,dec,395,1,-1,0,unknown,yes
41,management,married,tertiary,no,298,no,no,cellular,4,may,63,3,272,1,other,no
38,management,married,tertiary,no,0,yes,no,cellular,30,apr,571,1,-1,0,unknown,yes
26,admin.,single,secondary,no,-326,yes,no,unknown,19,may,128,3,-1,0,unknown,no
21,student,single,secondary,no,123,no,no,telephone,11,nov,513,1,91,1,success,yes
35,technician,single,tertiary,no,992,yes,no,cellular,26,aug,79,1,114,3,failure,no
41,admin.,single,secondary,no,812,no,yes,unknown,11,jun,583,4,-1,0,unknown,yes
54,management,divorced,tertiary,no,2171,yes,yes,telephone,18,nov,1034,1,-1,0,unknown,yes
73,retired,married,tertiary,no,2575,no,no,cellular,17,aug,152,1,-1,0,unknown,no
33,technician,married,tertiary,no,1699,no,no,cellular,28,jan,202,1,83,3,success,yes
46,management,married,secondary,no,5559,no,no,unknown,17,jun,483,1,-1,0,unknown,no
30,management,single,tertiary,no,3773,yes,no,cellular,9,feb,75,4,258,1,failure,no
32,technician,single,secondary,no,6402,yes,no,cellular,20,nov,628,1,-1,0,unknown,yes
42,entrepreneur,married,secondary,no,324,yes,no,cellular,15,jul,528,3,-1,0,unknown,no
36,admin.,married,secondary,no,0,no,yes,cellular,29,jul,113,8,-1,0,unknown,no
30,management,single,tertiary,no,3473,no,no,cellular,12,mar,1209,2,-1,0,unknown,yes
35,management,married,tertiary,no,802,yes,no,cellular,6,may,686,2,-1,0,unknown,yes
49,management,married,tertiary,no,22520,no,no,cellular,21,nov,579,9,-1,0,unknown,yes
25,student,single,secondary,no,1919,yes,no,cellular,15,may,264,1,351,4,failure,no
35,blue-collar,married,secondary,no,975,yes,no,cellular,16,jul,102,1,-1,0,unknown,no
31,blue-collar,married,secondary,no,1660,yes,no,cellular,20,apr,342,1,-1,0,unknown,no
42,blue-collar,married,primary,no,7735,yes,no,cellular,13,apr,166,1,144,2,failure,no
50,management,single,tertiary,no,3537,no,no,unknown,24,oct,305,1,-1,0,unknown,yes
83,retired,married,primary,no,425,no,no,telephone,22,sep,773,1,92,2,success,yes
33,technician,single,secondary,no,719,yes,no,cellular,9,apr,448,2,316,6,failure,yes
40,housemaid,married,tertiary,no,795,yes,no,unknown,29,may,725,3,-1,0,unknown,no
40,admin.,single,secondary,no,2040,yes,no,cellular,18,may,906,2,350,2,failure,yes
33,management,single,tertiary,no,2360,yes,no,cellular,20,nov,268,1,-1,0,unknown,no
58,retired,married,secondary,no,35,no,no,cellular,29,jul,336,7,-1,0,unknown,no
24,blue-collar,single,secondary,yes,-203,yes,no,unknown,12,jun,465,3,-1,0,unknown,yes
50,blue-collar,married,primary,no,3764,no,no,telephone,9,sep,214,2,99,4,failure,yes
43,services,divorced,secondary,no,5571,no,no,unknown,9,jun,149,1,-1,0,unknown,no
62,management,married,tertiary,no,2785,no,no,cellular,6,jul,270,3,-1,0,unknown,yes
54,unemployed,single,tertiary,no,252,yes,no,cellular,21,jul,101,1,-1,0,unknown,no
58,entrepreneur,married,primary,no,1153,yes,yes,telephone,12,may,206,6,337,6,failure,no
34,technician,married,tertiary,no,7050,no,no,cellular,7,aug,130,1,-1,0,unknown,yes
46,services,married,primary,no,116,yes,no,cellular,18,may,267,4,341,3,failure,no
47,admin.,single,secondary,no,3957,yes,no,telephone,11,may,58,3,334,3,other,no
36,blue-collar,married,secondary,no,537,no,yes,cellular,7,jul,206,6,-1,0,unknown,no
27,management,single,tertiary,no,-69,yes,no,cellular,15,feb,205,3,-1,0,unknown,yes
42,blue-collar,married,primary,no,205,yes,no,cellular,17,apr,582,1,-1,0,unknown,no
78,management,married,unknown,no,1780,yes,no,cellular,25,oct,211,2,185,7,success,yes
31,blue-collar,married,secondary,no,1406,yes,yes,cellular,13,apr,1091,2,-1,0,unknown,yes
44,self-employed,married,primary,no,414,yes,no,cellular,4,feb,138,1,272,2,other,no
28,student,single,secondary,no,1925,no,no,cellular,25,may,252,1,88,4,failure,yes
52,technician,married,secondary,no,117,no,no,cellular,26,feb,959,3,186,6,success,yes
47,unemployed,single,secondary,no,4819,no,no,cellular,18,nov,144,1,-1,0,unknown,no
30,blue-collar,single,secondary,no,906,yes,yes,unknown,21,may,218,7,-1,0,unknown,no
48,self-employed,single,unknown,no,0,no,no,unknown,18,jun,453,1,-1,0,unknown,no
60,retired,married,primary,no,1588,no,no,cellular,6,oct,728,1,-1,0,unknown,yes
31,blue-collar,single,secondary,no,-159,no,yes,telephone,21,nov,49,1,-1,0,unknown,no
57,housemaid,divorced,primary,no,0,no,no,unknown,9,jun,97,1,-1,0,unknown,no
47,unknown,married,unknown,no,1880,no,no,unknown,18,jun,64,2,-1,0,unknown,no
40,management,married,tertiary,no,16,no,yes,cellular,9,feb,47,4,-1,0,unknown,no
55,retired,divorced,secondary,no,2204,no,no,cellular,22,feb,261,1,264,1,failure,yes
37,management,divorced,tertiary,no,481,yes,no,cellular,19,aug,97,6,-1,0,unknown,no
61,retired,married,secondary,no,938,no,no,cellular,15,jul,392,2,183,3,success,yes
48,management,divorced,tertiary,no,313,no,no,cellular,8,may,208,1,-1,0,unknown,no
34,blue-collar,married,secondary,no,2994,yes,no,cellular,15,may,358,1,176,1,failure,no
36,blue-collar,married,primary,no,156,yes,no,cellular,21,nov,219,2,-1,0,unknown,no
34,management,married,tertiary,no,0,yes,no,cellular,30,apr,300,1,86,1,success,yes
37,technician,married,secondary,no,1120,yes,no,unknown,30,may,103,5,-1,0,unknown,no
44,technician,married,secondary,no,267,no,no,cellular,22,aug,520,2,-1,0,unknown,yes
57,retired,married,secondary,no,427,no,no,cellular,29,jan,246,1,-1,0,unknown,no
32,technician,single,secondary,no,1279,yes,no,unknown,3,jun,1173,3,-1,0,unknown,yes
44,blue-collar,single,secondary,no,25,yes,no,cellular,12,may,244,3,-1,0,unknown,no
30,services,single,secondary,no,101,yes,no,cellular,19,nov,85,2,-1,0,unknown,no
39,technician,divorced,tertiary,yes,3,no,no,cellular,6,may,488,1,-1,0,unknown,yes
60,retired,married,secondary,no,0,no,no,cellular,5,aug,143,3,-1,0,unknown,no
38,admin.,single,secondary,no,4023,no,no,unknown,11,jun,339,2,-1,0,unknown,no
53,management,married,tertiary,no,583,no,no,cellular,17,nov,226,1,184,4,success,yes
38,blue-collar,married,secondary,no,376,yes,no,unknown,7,may,1521,1,-1,0,unknown,no
36,services,married,secondary,no,297,yes,yes,cellular,15,jul,157,5,-1,0,unknown,no
52,admin.,single,secondary,no,726,yes,no,cellular,24,may,699,1,378,9,failure,yes
26,management,single,tertiary,no,800,yes,no,cellular,30,jan,405,2,-1,0,unknown,no
30,management,single,tertiary,no,5561,yes,no,cellular,19,nov,511,1,-1,0,unknown,yes
55,retired,married,tertiary,no,357,yes,no,cellular,30,apr,878,1,-1,0,unknown,no
44,services,married,secondary,no,522,no,yes,unknown,20,jun,911,1,-1,0,unknown,yes
42,housemaid,married,primary,no,0,no,yes,cellular,11,jul,83,2,-1,0,unknown,no
37,services,married,secondary,no,6089,yes,no,cellular,14,may,616,2,-1,0,unknown,yes
34,blue-collar,married,primary,no,3527,yes,no,cellular,21,nov,1022,1,-1,0,unknown,yes
61,retired,married,secondary,no,89,no,no,cellular,28,oct,154,1,181,2,failure,no
53,blue-collar,married,secondary,no,1103,yes,yes,cellular,4,feb,101,2,250,4,failure,no
30,blue-collar,married,secondary,no,-529,yes,no,cellular,12,may,416,4,-1,0,unknown,no
39,unemployed,single,secondary,no,2645,yes,no,unknown,21,may,339,3,-1,0,unknown,no
38,housemaid,single,secondary,no,465,yes,no,cellular,16,mar,180,1,302,3,success,yes
28,blue-collar,married,primary,no,254,yes,no,cellular,20,apr,149,2,-1,0,unknown,no
42,technician,divorced,secondary,no,0,yes,no,unknown,28,may,471,2,-1,0,unknown,no
34,management,married,tertiary,no,443,no,no,cellular,18,jun,235,3,-1,0,unknown,yes
47,management,married,tertiary,no,3663,no,no,cellular,29,oct,424,2,213,3,success,yes
26,management,single,tertiary,no,3944,yes,no,cellular,14,may,974,2,-1,0,unknown,yes
26,services,single,tertiary,no,0,no,yes,telephone,1,jul,261,4,-1,0,unknown,yes
37,entrepreneur,married,tertiary,no,555,no,no,cellular,7,jul,104,2,-1,0,unknown,no
49,services,single,secondary,no,459,yes,no,unknown,19,may,58,10,-1,0,unknown,no
33,management,single,tertiary,no,275,no,no,cellular,18,nov,348,1,-1,0,unknown,no
49,admin.,married,secondary,no,167,no,yes,cellular,9,jul,51,1,-1,0,unknown,no
31,blue-collar,married,secondary,no,0,yes,no,unknown,9,may,133,1,-1,0,unknown,no
49,management,married,tertiary,no,1,no,no,telephone,4,may,1076,3,175,1,success,yes
28,student,single,tertiary,no,3054,no,no,cellular,30,apr,384,1,80,6,other,yes
46,entrepreneur,divorced,secondary,no,-563,no,yes,cellular,15,jul,769,4,-1,0,unknown,yes
36,management,married,tertiary,no,96,no,no,cellular,30,jul,729,4,-1,0,unknown,yes
30,services,married,secondary,no,3929,yes,no,cellular,20,nov,593,1,-1,0,unknown,yes
25,technician,married,tertiary,no,839,yes,no,cellular,18,may,700,3,-1,0,unknown,yes
48,services,married,secondary,no,1573,no,no,cellular,5,aug,165,1,-1,0,unknown,no
54,blue-collar,married,primary,no,2440,no,yes,cellular,17,nov,334,1,-1,0,unknown,no
40,admin.,married,secondary,no,419,yes,yes,cellular,12,may,92,1,369,1,failure,no
44,admin.,married,secondary,no,1696,no,no,unknown,16,jun,139,3,-1,0,unknown,no
47,admin.,married,secondary,no,368,no,no,cellular,23,feb,269,1,187,5,success,yes
35,technician,married,secondary,no,1368,no,no,cellular,27,may,329,1,41,2,other,yes
36,management,married,tertiary,no,-861,yes,yes,cellular,28,jul,53,2,-1,0,unknown,no
26,blue-collar,married,secondary,no,-11,yes,yes,cellular,17,jul,1150,3,-1,0,unknown,yes
30,technician,single,secondary,no,728,yes,no,cellular,5,feb,393,1,261,1,other,no
61,retired,married,primary,no,3738,no,no,telephone,6,feb,188,1,-1,0,unknown,no
60,retired,married,primary,no,71,no,no,cellular,10,jul,121,3,-1,0,unknown,no
26,blue-collar,married,primary,no,133,no,yes,cellular,25,jul,57,3,-1,0,unknown,no
57,management,married,secondary,no,7162,no,no,cellular,17,nov,83,1,-1,0,unknown,no
58,management,divorced,tertiary,no,372,no,yes,unknown,29,oct,11,1,-1,0,unknown,yes
67,retired,married,primary,no,4416,no,no,cellular,29,sep,245,3,-1,0,unknown,yes
26,blue-collar,single,secondary,no,311,yes,no,cellular,7,may,798,2,-1,0,unknown,yes
45,management,married,tertiary,no,226,yes,no,cellular,13,aug,177,6,179,10,success,yes
36,housemaid,divorced,tertiary,no,7296,yes,no,cellular,18,aug,108,6,-1,0,unknown,no
27,admin.,married,secondary,no,3415,no,no,cellular,9,oct,266,3,184,1,success,yes
30,blue-collar,single,primary,no,0,no,no,cellular,15,jul,716,3,-1,0,unknown,yes
31,management,single,tertiary,no,115,no,no,cellular,17,mar,187,1,-1,0,unknown,yes
27,management,single,tertiary,no,99,yes,no,unknown,4,jun,767,2,-1,0,unknown,yes
42,admin.,divorced,secondary,no,153,yes,no,unknown,16,may,844,1,-1,0,unknown,yes
26,services,single,secondary,no,1114,no,no,cellular,9,feb,44,2,-1,0,unknown,no
23,student,single,secondary,no,0,no,no,cellular,30,apr,297,1,83,6,success,yes
28,services,single,secondary,no,217,yes,no,cellular,9,feb,379,3,-1,0,unknown,no
30,services,divorced,secondary,no,0,no,no,cellular,29,jan,89,1,-1,0,unknown,no
28,management,single,tertiary,no,223,yes,no,telephone,27,aug,157,2,119,1,other,yes
39,technician,single,secondary,no,1104,no,no,cellular,7,aug,395,2,-1,0,unknown,yes
33,management,married,tertiary,no,5,yes,no,unknown,7,aug,12,1,-1,0,unknown,no
34,management,single,tertiary,no,417,yes,no,cellular,5,aug,270,1,174,15,failure,yes
33,management,married,tertiary,no,1778,no,no,cellular,26,may,134,1,103,1,success,no
33,management,single,tertiary,no,224,no,no,cellular,23,sep,409,2,92,4,success,yes
41,management,married,tertiary,no,223,yes,no,unknown,16,may,124,1,-1,0,unknown,no
45,blue-collar,married,secondary,no,1144,yes,no,unknown,22,oct,676,1,-1,0,unknown,yes
29,technician,single,tertiary,no,673,yes,no,cellular,9,feb,835,3,-1,0,unknown,yes
56,management,divorced,tertiary,no,10532,no,no,cellular,7,aug,324,1,-1,0,unknown,yes
58,services,married,primary,no,65,no,no,unknown,27,jun,162,1,-1,0,unknown,no
54,blue-collar,married,primary,no,2933,yes,no,unknown,15,may,144,2,-1,0,unknown,no
30,services,single,secondary,no,-271,yes,no,cellular,7,may,609,1,337,1,success,yes
32,self-employed,married,secondary,no,67,no,no,cellular,5,aug,153,1,-1,0,unknown,no
44,blue-collar,married,secondary,no,1697,yes,no,unknown,4,jul,150,2,-1,0,unknown,yes
34,management,married,tertiary,no,3047,no,no,cellular,30,apr,317,1,160,5,other,yes
49,blue-collar,married,primary,no,408,no,no,cellular,12,aug,559,4,-1,0,unknown,yes
44,management,married,secondary,no,0,no,no,cellular,21,aug,167,2,-1,0,unknown,no
34,management,single,tertiary,no,3821,yes,no,cellular,13,may,649,2,-1,0,unknown,yes
28,services,single,secondary,no,123,yes,no,cellular,6,may,115,1,359,3,failure,no
35,unemployed,single,secondary,no,127,yes,no,telephone,14,nov,162,1,-1,0,unknown,yes
68,retired,married,secondary,no,2469,yes,no,telephone,15,jul,552,2,-1,0,unknown,yes
32,management,married,secondary,no,6217,yes,yes,cellular,18,nov,486,2,181,2,failure,no
32,services,married,secondary,no,1844,yes,yes,cellular,3,feb,158,4,201,6,failure,no
39,management,married,tertiary,no,-974,no,yes,cellular,13,aug,130,4,-1,0,unknown,no
26,technician,single,secondary,no,855,yes,no,unknown,28,may,87,2,-1,0,unknown,no
32,management,single,tertiary,no,2465,no,no,cellular,13,aug,414,1,-1,0,unknown,yes
40,technician,single,unknown,no,3652,yes,no,unknown,14,may,1028,2,-1,0,unknown,yes
55,management,married,secondary,no,0,yes,no,unknown,13,may,309,2,-1,0,unknown,no
61,management,married,tertiary,no,477,yes,no,cellular,29,oct,377,1,520,1,other,yes
29,management,married,tertiary,no,199,yes,yes,unknown,7,may,1689,4,-1,0,unknown,yes
22,student,single,tertiary,no,1161,no,yes,cellular,16,jun,119,1,-1,0,unknown,no
39,management,married,tertiary,no,839,no,yes,cellular,11,oct,365,2,774,11,failure,no
37,unemployed,single,secondary,no,48,no,no,cellular,31,jul,40,10,-1,0,unknown,no
49,technician,divorced,secondary,no,305,no,no,cellular,24,jul,367,2,-1,0,unknown,yes
27,entrepreneur,married,secondary,no,2329,no,no,telephone,27,oct,131,1,-1,0,unknown,yes
35,technician,single,unknown,no,726,yes,no,cellular,5,may,163,1,-1,0,unknown,no
43,management,married,tertiary,no,136,no,no,cellular,6,aug,120,2,-1,0,unknown,no
33,technician,divorced,secondary,no,522,no,yes,cellular,7,jul,559,4,-1,0,unknown,no
26,unemployed,single,secondary,no,111,no,no,cellular,9,jul,537,1,-1,0,unknown,yes
33,blue-collar,married,secondary,no,19,yes,no,cellular,4,feb,56,1,271,1,other,no
46,technician,single,secondary,no,874,no,no,cellular,19,nov,819,3,-1,0,unknown,yes
27,technician,single,tertiary,no,11862,no,no,cellular,20,aug,217,1,87,6,failure,yes
37,blue-collar,married,secondary,no,194,yes,no,unknown,12,may,566,7,-1,0,unknown,no
33,services,married,secondary,no,3444,yes,no,telephone,21,oct,144,1,91,4,failure,yes
37,technician,married,secondary,no,2707,yes,no,telephone,16,jul,109,1,-1,0,unknown,no
44,blue-collar,married,primary,no,0,yes,yes,cellular,21,nov,32,2,116,3,other,no
47,admin.,married,secondary,no,1358,yes,no,cellular,14,may,80,4,-1,0,unknown,no
40,blue-collar,married,secondary,no,1508,no,no,cellular,3,nov,177,2,85,3,failure,no
37,technician,married,secondary,no,261,no,no,cellular,29,aug,301,4,-1,0,unknown,no
54,self-employed,married,tertiary,no,990,no,no,cellular,3,jun,244,2,-1,0,unknown,yes
27,services,single,secondary,no,1928,no,yes,cellular,15,jul,513,5,-1,0,unknown,no
30,blue-collar,married,secondary,no,282,yes,yes,unknown,23,may,148,2,-1,0,unknown,no
54,technician,divorced,secondary,no,859,no,yes,cellular,21,jul,710,1,-1,0,unknown,yes
76,self-employed,married,unknown,no,4984,no,no,telephone,28,apr,403,1,182,1,success,yes
36,blue-collar,married,secondary,no,3463,yes,no,telephone,21,nov,29,4,-1,0,unknown,no
27,services,single,secondary,no,167,no,yes,cellular,8,jul,606,2,-1,0,unknown,no
37,technician,married,tertiary,no,0,no,no,cellular,28,aug,76,1,-1,0,unknown,no
53,management,married,tertiary,no,800,no,no,cellular,18,nov,90,1,-1,0,unknown,no
25,technician,single,secondary,no,173,yes,no,cellular,15,may,186,2,-1,0,unknown,no
59,technician,married,secondary,no,2308,no,no,cellular,30,apr,815,1,87,1,other,yes
32,technician,single,unknown,no,317,yes,no,unknown,21,may,394,2,-1,0,unknown,no
37,services,married,secondary,no,1543,yes,no,cellular,22,may,298,1,10,6,failure,yes
27,admin.,married,secondary,no,1293,yes,no,cellular,8,apr,1665,3,-1,0,unknown,yes
60,retired,divorced,secondary,no,935,no,no,cellular,31,jul,8,17,-1,0,unknown,no
33,management,married,tertiary,no,148,no,no,unknown,20,may,717,1,-1,0,unknown,no
30,student,single,unknown,no,4468,no,no,cellular,2,feb,204,1,-1,0,unknown,yes
47,blue-collar,married,secondary,no,3715,no,no,cellular,12,feb,171,2,182,4,other,yes
29,management,single,unknown,no,698,no,no,cellular,8,feb,186,1,-1,0,unknown,no
31,technician,single,tertiary,no,208,no,no,cellular,12,aug,1344,7,-1,0,unknown,yes
41,management,married,tertiary,no,2226,no,no,cellular,7,aug,182,2,99,1,failure,yes
39,blue-collar,divorced,secondary,no,0,yes,no,cellular,11,may,275,2,307,1,other,no
59,management,married,unknown,no,3534,no,no,cellular,21,nov,216,4,-1,0,unknown,no
33,services,married,secondary,no,70,yes,no,cellular,21,jul,333,3,-1,0,unknown,no
31,entrepreneur,married,secondary,no,15,no,yes,cellular,29,jan,190,2,-1,0,unknown,no
30,services,single,secondary,no,1599,no,no,cellular,11,feb,152,2,-1,0,unknown,yes
29,admin.,single,tertiary,no,8,no,yes,cellular,2,mar,107,1,-1,0,unknown,no
48,services,divorced,primary,no,-110,no,yes,unknown,19,jun,164,2,-1,0,unknown,no
30,management,single,tertiary,no,4889,no,no,cellular,11,aug,545,2,-1,0,unknown,yes
70,retired,married,secondary,no,6422,no,no,cellular,10,mar,122,1,-1,0,unknown,yes
47,admin.,single,tertiary,no,0,no,no,cellular,29,jan,137,1,-1,0,unknown,no
59,technician,married,secondary,no,0,no,no,cellular,29,aug,62,2,-1,0,unknown,no
31,technician,single,tertiary,no,454,no,no,cellular,30,apr,266,1,-1,0,unknown,yes
32,services,single,tertiary,no,1743,yes,no,cellular,1,apr,1156,1,261,3,other,no
57,housemaid,married,primary,no,2785,no,no,cellular,11,aug,610,4,-1,0,unknown,yes
45,management,married,tertiary,no,212,no,no,cellular,21,apr,65,2,-1,0,unknown,yes
56,blue-collar,married,primary,no,0,yes,no,cellular,17,jul,82,1,-1,0,unknown,no
28,technician,single,tertiary,no,375,yes,no,cellular,14,may,43,1,350,1,other,no
53,housemaid,married,primary,no,0,no,no,unknown,24,jun,51,8,-1,0,unknown,no
47,housemaid,married,tertiary,no,2290,no,no,cellular,15,apr,54,1,-1,0,unknown,no
36,blue-collar,divorced,secondary,no,2843,no,no,cellular,14,aug,186,1,-1,0,unknown,yes
56,unemployed,married,secondary,no,660,yes,no,unknown,6,jun,72,3,-1,0,unknown,no
47,management,single,tertiary,no,86,no,no,cellular,5,aug,253,1,97,4,success,yes
27,blue-collar,married,secondary,no,821,yes,yes,unknown,16,sep,23,1,778,41,other,no
27,management,married,tertiary,no,159,yes,no,cellular,25,jul,295,2,-1,0,unknown,no
49,management,married,secondary,no,543,yes,no,unknown,20,may,213,3,-1,0,unknown,no
53,management,married,tertiary,no,3634,no,no,cellular,7,may,211,4,88,8,success,yes
25,management,single,tertiary,no,490,no,no,cellular,7,sep,394,1,-1,0,unknown,no
28,admin.,single,secondary,no,520,yes,no,cellular,15,jun,29,1,-1,0,unknown,no
60,management,married,tertiary,no,3401,no,no,cellular,30,oct,294,1,270,1,failure,yes
37,retired,married,secondary,no,71,no,yes,cellular,8,may,254,1,-1,0,unknown,no
30,management,single,tertiary,no,232,no,no,cellular,15,apr,141,1,-1,0,unknown,yes
36,services,married,tertiary,no,0,yes,no,cellular,8,may,52,1,-1,0,unknown,no
62,blue-collar,married,secondary,no,272,no,no,cellular,11,aug,146,1,286,2,failure,yes
19,student,single,primary,no,134,no,no,cellular,27,mar,271,2,-1,0,unknown,yes
30,management,single,tertiary,no,697,no,no,cellular,10,aug,179,3,102,2,success,yes
50,unemployed,married,secondary,no,3674,yes,no,unknown,30,may,886,3,-1,0,unknown,yes
31,technician,married,secondary,no,4,no,no,unknown,20,may,199,4,-1,0,unknown,no
33,admin.,married,secondary,no,2,yes,no,unknown,20,may,201,1,-1,0,unknown,no
64,retired,married,primary,no,48,no,no,cellular,9,sep,167,3,92,1,success,yes
30,unemployed,single,tertiary,no,302,no,no,cellular,11,feb,528,3,-1,0,unknown,yes
34,management,single,tertiary,no,2646,no,no,cellular,14,apr,142,1,-1,0,unknown,yes
32,services,married,secondary,no,0,no,no,cellular,31,jul,105,6,-1,0,unknown,no
34,services,married,secondary,no,1076,no,no,cellular,12,may,152,1,182,6,success,yes
34,technician,single,secondary,no,194,yes,yes,cellular,15,may,1015,1,-1,0,unknown,yes
47,housemaid,single,tertiary,no,3727,no,no,unknown,12,jun,993,6,-1,0,unknown,yes
36,admin.,married,secondary,no,746,yes,no,cellular,17,nov,581,3,-1,0,unknown,no
45,admin.,married,secondary,no,67,no,no,cellular,5,feb,326,2,-1,0,unknown,no
33,technician,married,secondary,no,346,yes,yes,cellular,24,jul,379,1,-1,0,unknown,no
63,entrepreneur,married,tertiary,no,2707,no,no,telephone,16,nov,57,4,-1,0,unknown,no
37,blue-collar,married,secondary,no,140,yes,yes,cellular,7,may,490,1,-1,0,unknown,no
68,retired,married,secondary,no,1316,no,no,telephone,4,mar,92,5,-1,0,unknown,no
31,blue-collar,single,secondary,no,228,no,no,cellular,6,aug,744,1,88,4,other,yes
42,blue-collar,married,secondary,no,790,yes,no,unknown,29,may,356,2,-1,0,unknown,no
54,retired,married,primary,no,0,yes,no,cellular,11,jul,159,2,-1,0,unknown,no
35,management,married,tertiary,no,365,no,no,cellular,21,nov,168,2,-1,0,unknown,no
43,admin.,single,secondary,no,386,no,no,cellular,12,oct,242,1,92,4,success,no
52,blue-collar,divorced,primary,no,-191,yes,no,unknown,15,may,755,1,-1,0,unknown,yes
49,blue-collar,married,secondary,no,102,no,no,cellular,29,aug,210,2,-1,0,unknown,no
53,blue-collar,married,primary,no,1388,no,no,cellular,7,aug,139,4,-1,0,unknown,no
38,management,divorced,tertiary,no,4335,yes,no,cellular,20,nov,640,1,-1,0,unknown,no
38,management,married,tertiary,no,-498,no,no,cellular,14,aug,85,6,-1,0,unknown,no
51,unemployed,divorced,tertiary,no,0,no,no,cellular,31,jul,574,2,-1,0,unknown,yes
36,technician,married,secondary,no,1345,yes,no,unknown,30,may,231,3,-1,0,unknown,no
28,blue-collar,single,primary,no,-30,yes,no,cellular,31,jul,108,5,-1,0,unknown,no
30,management,single,tertiary,no,726,yes,no,cellular,16,apr,39,1,342,3,failure,no
60,admin.,married,unknown,no,4629,yes,no,cellular,27,oct,624,1,-1,0,unknown,yes
43,management,divorced,tertiary,no,1,yes,yes,unknown,2,jun,28,8,-1,0,unknown,no
29,student,single,secondary,no,1377,yes,no,cellular,3,aug,248,1,446,2,success,yes
26,student,single,secondary,no,655,no,no,cellular,16,sep,190,1,-1,0,unknown,yes
42,unemployed,married,unknown,no,190,no,no,cellular,11,aug,704,2,-1,0,unknown,yes
39,housemaid,single,primary,no,109,yes,no,unknown,6,may,699,3,-1,0,unknown,no
45,entrepreneur,married,secondary,no,242,no,yes,cellular,4,feb,510,1,198,4,failure,no
33,management,single,tertiary,no,7084,no,no,cellular,27,aug,512,8,-1,0,unknown,yes
31,technician,single,tertiary,no,252,no,no,cellular,8,jun,107,3,-1,0,unknown,yes
39,management,single,tertiary,no,93,yes,yes,cellular,13,may,196,2,331,3,failure,no
30,admin.,single,secondary,no,265,yes,no,cellular,25,may,681,1,181,2,success,yes
41,unemployed,divorced,secondary,no,271,yes,no,unknown,19,jun,196,2,-1,0,unknown,no
48,technician,married,secondary,no,862,no,no,cellular,30,jul,160,2,-1,0,unknown,no
34,technician,single,secondary,no,4943,yes,yes,cellular,19,nov,117,2,-1,0,unknown,no
72,retired,married,tertiary,no,3561,no,no,telephone,15,sep,511,3,184,7,success,yes
27,blue-collar,single,secondary,no,240,yes,no,cellular,18,may,166,4,-1,0,unknown,no
36,admin.,divorced,secondary,no,246,yes,no,unknown,16,may,206,2,-1,0,unknown,no
35,technician,divorced,secondary,no,2047,yes,no,cellular,1,oct,66,1,-1,0,unknown,no
30,blue-collar,single,secondary,no,183,yes,no,cellular,18,jul,610,1,-1,0,unknown,yes
36,services,divorced,secondary,no,115,no,no,unknown,6,jun,201,1,-1,0,unknown,no
32,technician,single,secondary,no,116,yes,no,cellular,20,aug,718,2,-1,0,unknown,yes
38,technician,married,tertiary,no,4383,no,no,cellular,4,feb,1381,4,-1,0,unknown,yes
35,technician,divorced,secondary,no,2823,yes,no,cellular,2,feb,229,1,-1,0,unknown,no
67,retired,married,primary,no,2391,no,no,cellular,28,jun,737,6,186,10,other,yes
44,housemaid,single,primary,no,1059,no,no,unknown,18,jun,2093,1,-1,0,unknown,yes
38,services,single,secondary,no,2253,yes,no,cellular,13,may,937,3,-1,0,unknown,yes
29,services,married,secondary,no,1386,yes,no,unknown,28,may,166,1,-1,0,unknown,no
47,admin.,married,unknown,no,66,no,no,cellular,7,aug,358,1,-1,0,unknown,yes
36,blue-collar,married,primary,no,49,yes,no,cellular,15,may,232,2,365,5,other,no
32,technician,married,secondary,no,5,yes,no,cellular,17,nov,114,1,-1,0,unknown,no
42,technician,single,secondary,no,2036,yes,no,cellular,19,nov,259,2,-1,0,unknown,no
41,blue-collar,married,secondary,no,1954,no,no,cellular,18,nov,65,1,110,2,success,no
35,management,married,tertiary,no,753,no,no,cellular,27,aug,111,9,-1,0,unknown,no
32,blue-collar,single,tertiary,no,700,no,no,unknown,13,nov,90,1,-1,0,unknown,yes
46,blue-collar,married,secondary,no,-27,yes,no,cellular,11,may,254,1,-1,0,unknown,no
35,admin.,divorced,secondary,no,437,yes,no,unknown,4,jun,908,1,-1,0,unknown,yes
32,technician,married,secondary,no,791,yes,no,unknown,21,may,783,2,-1,0,unknown,yes
45,student,single,unknown,no,1527,no,no,cellular,8,mar,132,1,-1,0,unknown,yes
32,technician,divorced,tertiary,no,267,no,no,cellular,26,may,128,1,-1,0,unknown,no
46,blue-collar,married,secondary,no,-396,no,yes,cellular,4,aug,115,1,-1,0,unknown,no
30,admin.,single,secondary,no,523,no,yes,cellular,3,mar,83,1,-1,0,unknown,yes
60,retired,married,tertiary,no,846,no,no,telephone,26,may,1346,1,-1,0,unknown,yes
30,self-employed,single,secondary,no,280,no,no,telephone,5,may,92,3,-1,0,unknown,no
27,technician,single,tertiary,no,372,yes,yes,cellular,25,jul,728,2,-1,0,unknown,yes
54,retired,married,secondary,no,1851,no,no,unknown,11,jun,296,3,-1,0,unknown,no
36,technician,single,secondary,no,664,no,no,cellular,22,aug,309,3,-1,0,unknown,no
39,admin.,married,secondary,no,1388,yes,no,cellular,15,jul,150,5,-1,0,unknown,no
22,student,single,unknown,no,466,no,no,cellular,30,jun,377,1,-1,0,unknown,yes
37,technician,single,tertiary,no,3943,no,no,cellular,6,apr,1138,2,138,1,failure,yes
42,entrepreneur,single,unknown,no,323,no,no,unknown,16,jun,617,1,-1,0,unknown,yes
31,technician,single,secondary,no,2544,no,no,cellular,15,jul,252,1,184,3,success,yes
49,management,married,tertiary,no,1808,yes,no,cellular,1,jun,205,1,95,1,success,yes
29,management,single,tertiary,no,1026,no,no,cellular,12,nov,226,1,92,1,other,yes
35,blue-collar,married,unknown,no,1084,yes,no,cellular,10,jul,1019,1,-1,0,unknown,no
32,services,married,secondary,no,-344,no,yes,cellular,4,feb,44,1,-1,0,unknown,no
28,management,single,tertiary,no,1287,yes,no,cellular,26,feb,65,1,-1,0,unknown,yes
41,blue-collar,married,secondary,no,203,no,no,cellular,2,jul,342,2,-1,0,unknown,yes
85,retired,married,primary,no,98,no,no,cellular,30,apr,416,1,-1,0,unknown,yes
58,management,married,tertiary,no,1384,yes,no,cellular,27,mar,342,1,-1,0,unknown,yes
36,self-employed,single,tertiary,no,583,no,no,cellular,30,jan,859,1,235,1,other,no
35,technician,married,secondary,no,198,no,no,cellular,27,aug,282,13,-1,0,unknown,no
28,technician,single,secondary,no,3,no,no,telephone,18,may,40,8,349,6,failure,no
52,technician,married,secondary,no,337,yes,no,cellular,8,may,247,1,261,4,failure,no
42,management,divorced,tertiary,no,1243,no,no,cellular,26,aug,1000,4,-1,0,unknown,yes
58,entrepreneur,married,secondary,no,670,yes,no,cellular,12,may,1272,1,-1,0,unknown,yes
48,blue-collar,married,secondary,no,558,yes,no,telephone,5,feb,708,8,-1,0,unknown,no
27,technician,divorced,secondary,no,21,yes,no,cellular,18,may,336,1,356,1,failure,no
36,admin.,single,unknown,no,1815,no,no,unknown,5,jun,387,1,-1,0,unknown,no
24,blue-collar,single,secondary,no,-10,yes,no,unknown,13,may,106,1,-1,0,unknown,no
40,technician,married,secondary,no,2338,no,no,cellular,16,oct,717,2,-1,0,unknown,yes
31,management,single,tertiary,no,924,no,no,cellular,7,sep,231,1,94,3,success,yes
44,blue-collar,married,tertiary,no,1371,no,no,cellular,13,may,788,3,363,4,other,no
81,retired,divorced,secondary,no,452,no,no,telephone,16,dec,443,1,-1,0,unknown,yes
33,management,single,tertiary,no,5437,no,no,cellular,7,oct,201,1,58,3,failure,yes
34,blue-collar,married,secondary,no,965,yes,no,cellular,20,apr,372,2,332,2,other,no
67,retired,married,tertiary,no,701,no,no,cellular,6,aug,254,2,-1,0,unknown,yes
59,housemaid,married,primary,no,100,no,no,cellular,5,aug,1134,1,-1,0,unknown,yes
31,management,married,tertiary,no,40,no,no,cellular,2,feb,118,2,-1,0,unknown,no
46,blue-collar,married,secondary,no,922,no,yes,cellular,14,jul,151,2,-1,0,unknown,no
36,blue-collar,married,primary,no,1503,no,no,cellular,19,nov,138,1,-1,0,unknown,no
31,technician,married,tertiary,no,15,no,no,unknown,2,jun,389,1,-1,0,unknown,no
53,services,married,unknown,no,257,yes,no,unknown,5,may,209,2,-1,0,unknown,no
43,admin.,married,secondary,no,877,yes,no,cellular,2,feb,135,1,-1,0,unknown,no
59,admin.,married,secondary,no,1575,yes,no,cellular,12,may,301,3,263,11,success,no
36,blue-collar,married,secondary,no,1772,no,no,unknown,5,jun,208,1,-1,0,unknown,yes
29,unemployed,single,primary,no,550,no,no,cellular,29,jan,801,1,-1,0,unknown,yes
58,entrepreneur,married,tertiary,no,776,yes,no,telephone,9,jul,990,1,-1,0,unknown,yes
50,technician,married,secondary,no,156,no,yes,cellular,14,jul,1130,3,-1,0,unknown,yes
25,admin.,married,unknown,no,349,yes,no,cellular,22,jul,1037,8,-1,0,unknown,yes
30,admin.,single,secondary,no,457,no,no,cellular,27,apr,90,2,-1,0,unknown,no
24,student,single,secondary,no,822,no,no,cellular,27,oct,184,1,91,2,failure,yes
55,technician,married,secondary,no,6958,yes,yes,unknown,13,may,178,2,-1,0,unknown,no
36,unemployed,married,tertiary,no,4145,no,no,unknown,20,jun,988,4,-1,0,unknown,yes
52,unemployed,divorced,secondary,no,230,no,no,cellular,24,dec,422,2,-1,0,unknown,yes
31,blue-collar,married,secondary,no,3364,yes,no,cellular,20,nov,290,1,-1,0,unknown,no
57,retired,married,tertiary,no,34,no,yes,cellular,28,jan,139,1,-1,0,unknown,no
33,management,married,tertiary,no,584,yes,no,cellular,7,aug,269,3,-1,0,unknown,no
30,admin.,married,secondary,no,1794,no,no,cellular,20,nov,1035,1,-1,0,unknown,yes
38,self-employed,single,tertiary,no,1612,yes,no,cellular,8,may,423,1,-1,0,unknown,yes
49,management,married,tertiary,no,0,no,no,telephone,17,oct,223,1,-1,0,unknown,yes
29,blue-collar,married,secondary,no,-312,yes,yes,cellular,14,may,130,2,-1,0,unknown,no
28,unknown,single,secondary,no,4465,no,no,cellular,28,jan,769,1,-1,0,unknown,yes
30,self-employed,married,tertiary,no,2666,no,no,cellular,4,feb,467,1,-1,0,unknown,yes
29,admin.,single,secondary,no,-498,yes,no,cellular,2,feb,99,3,227,14,failure,no
30,technician,single,secondary,no,426,yes,no,telephone,17,nov,127,4,111,6,failure,no
28,technician,single,tertiary,no,-123,no,yes,cellular,23,jul,690,1,-1,0,unknown,yes
42,blue-collar,married,secondary,no,1598,yes,yes,cellular,16,apr,1463,2,-1,0,unknown,yes
33,blue-collar,married,secondary,no,842,no,no,cellular,29,aug,111,4,-1,0,unknown,no
45,blue-collar,single,primary,no,999,no,no,cellular,29,jan,182,2,-1,0,unknown,no
30,management,married,tertiary,no,1239,no,no,cellular,28,aug,125,5,-1,0,unknown,no
57,self-employed,married,secondary,no,2109,no,no,cellular,21,aug,107,6,-1,0,unknown,no
36,blue-collar,married,secondary,no,1193,no,no,cellular,30,oct,640,1,-1,0,unknown,yes
37,management,divorced,secondary,no,16,yes,no,unknown,30,may,638,1,-1,0,unknown,yes
32,admin.,married,tertiary,no,0,yes,no,unknown,5,may,138,1,-1,0,unknown,no
32,blue-collar,single,primary,no,398,yes,no,cellular,13,may,716,1,-1,0,unknown,yes
39,management,married,tertiary,no,1795,no,no,cellular,8,aug,922,7,-1,0,unknown,yes
32,admin.,married,secondary,no,57,no,yes,cellular,22,jul,50,2,-1,0,unknown,no
36,unemployed,single,secondary,no,115,no,no,cellular,9,feb,71,2,-1,0,unknown,no
26,management,single,tertiary,no,1094,yes,no,cellular,8,sep,137,1,-1,0,unknown,yes
47,self-employed,married,primary,no,574,yes,no,cellular,20,nov,137,5,-1,0,unknown,no
48,self-employed,married,tertiary,no,0,no,no,cellular,29,jan,1249,3,-1,0,unknown,yes
47,blue-collar,married,secondary,no,1230,yes,no,cellular,30,apr,412,1,169,1,success,yes
34,management,married,secondary,yes,879,yes,no,cellular,17,apr,712,1,344,1,failure,yes
34,management,married,tertiary,no,580,yes,no,cellular,10,jul,380,1,-1,0,unknown,no
50,technician,married,tertiary,no,2313,no,no,cellular,5,aug,553,1,-1,0,unknown,yes
38,housemaid,divorced,secondary,no,70,no,no,cellular,27,jan,164,4,92,4,success,yes
66,retired,married,secondary,no,203,no,no,cellular,18,jan,353,1,195,1,success,yes
55,retired,married,tertiary,no,357,yes,no,cellular,11,aug,526,1,103,1,failure,no
39,admin.,married,secondary,no,607,yes,no,cellular,12,may,454,2,364,3,failure,yes
35,management,married,tertiary,no,2161,no,no,cellular,9,mar,139,2,181,3,success,yes
44,admin.,married,secondary,no,1248,yes,yes,cellular,8,may,428,3,-1,0,unknown,no
59,unemployed,married,secondary,no,957,no,no,cellular,9,dec,479,2,-1,0,unknown,yes
45,blue-collar,married,primary,no,700,yes,no,telephone,13,may,29,4,-1,0,unknown,no
80,retired,married,primary,no,997,no,no,cellular,29,oct,746,2,86,1,other,yes
38,blue-collar,married,secondary,no,468,yes,no,unknown,8,may,101,2,-1,0,unknown,no
48,self-employed,married,secondary,no,91,no,no,cellular,21,aug,136,8,-1,0,unknown,no
39,admin.,married,secondary,no,47,yes,no,cellular,16,aug,143,2,371,6,failure,no
27,services,single,secondary,no,266,no,yes,cellular,7,jul,232,1,-1,0,unknown,no
33,services,married,primary,no,908,yes,yes,cellular,14,jul,184,2,-1,0,unknown,no
46,blue-collar,married,secondary,no,456,no,yes,cellular,18,aug,618,6,-1,0,unknown,yes
67,admin.,married,primary,no,1093,no,no,telephone,8,jul,64,3,-1,0,unknown,no
31,unemployed,married,secondary,no,20,no,no,telephone,18,nov,52,1,-1,0,unknown,no
32,management,married,tertiary,no,282,no,no,cellular,22,aug,92,2,-1,0,unknown,no
23,services,single,secondary,no,488,no,no,cellular,30,mar,236,1,92,2,other,yes
49,services,married,secondary,no,320,no,no,telephone,9,feb,1971,4,-1,0,unknown,yes
36,technician,single,secondary,no,2511,yes,no,cellular,16,apr,700,5,-1,0,unknown,yes
64,retired,divorced,primary,no,109,no,no,cellular,23,jun,706,1,225,2,success,yes
74,retired,divorced,primary,no,2308,no,no,telephone,16,sep,251,2,535,2,success,no
41,blue-collar,married,secondary,no,0,no,no,unknown,5,jun,85,2,-1,0,unknown,no
37,admin.,married,secondary,no,1967,no,no,cellular,27,may,242,1,212,1,success,yes
56,management,married,tertiary,no,6798,yes,no,cellular,17,nov,250,1,-1,0,unknown,no
44,blue-collar,married,secondary,no,88,yes,no,cellular,2,jul,275,1,-1,0,unknown,yes
54,management,married,tertiary,no,1114,yes,no,cellular,21,nov,1195,2,175,1,other,no
35,self-employed,single,tertiary,no,-30,no,no,cellular,4,feb,218,2,-1,0,unknown,no
42,technician,married,secondary,no,473,yes,no,cellular,7,jul,216,5,-1,0,unknown,no
30,unemployed,married,secondary,no,142,yes,no,unknown,20,may,350,4,-1,0,unknown,no
54,management,married,tertiary,no,1938,yes,no,telephone,31,jul,81,7,-1,0,unknown,no
30,management,married,tertiary,no,0,no,no,cellular,14,aug,95,2,-1,0,unknown,no
46,admin.,married,secondary,no,171,yes,yes,cellular,11,oct,251,1,430,1,failure,no
30,management,single,tertiary,no,3779,no,no,cellular,13,apr,1093,1,-1,0,unknown,yes
45,admin.,divorced,secondary,no,2353,yes,no,cellular,5,mar,182,1,107,2,other,yes
43,services,divorced,secondary,no,130,yes,no,unknown,8,may,193,1,-1,0,unknown,no
45,management,married,tertiary,no,160,no,no,cellular,30,apr,619,1,-1,0,unknown,yes
37,self-employed,divorced,tertiary,no,1513,no,no,unknown,30,may,510,1,-1,0,unknown,no
56,retired,married,primary,no,9367,no,no,telephone,13,nov,271,2,92,4,success,yes
33,blue-collar,single,primary,no,910,yes,no,cellular,20,apr,42,1,-1,0,unknown,no
29,admin.,single,secondary,no,464,no,no,cellular,9,nov,208,2,91,3,success,yes
41,blue-collar,married,primary,no,2453,yes,no,unknown,15,may,1052,1,-1,0,unknown,yes
61,retired,divorced,secondary,no,4243,no,no,cellular,30,apr,315,1,182,2,success,yes
40,student,married,secondary,no,260,no,no,cellular,19,nov,52,1,152,6,failure,no
22,student,single,secondary,no,948,no,no,telephone,18,aug,215,1,197,2,failure,yes
31,blue-collar,single,secondary,no,33,yes,no,unknown,15,may,214,4,-1,0,unknown,no
29,self-employed,single,tertiary,no,121,yes,no,unknown,30,may,1500,2,-1,0,unknown,yes
45,self-employed,single,primary,no,112,no,no,unknown,20,jun,298,4,-1,0,unknown,no
47,blue-collar,married,secondary,no,1996,no,no,unknown,5,jun,761,2,-1,0,unknown,yes
36,unemployed,divorced,secondary,no,871,no,no,cellular,12,aug,396,3,-1,0,unknown,yes
29,management,single,tertiary,no,874,yes,no,cellular,16,sep,152,1,103,1,success,yes
35,self-employed,married,secondary,no,2251,no,no,cellular,19,aug,151,8,-1,0,unknown,no
34,management,married,tertiary,no,606,no,no,cellular,20,apr,97,1,-1,0,unknown,yes
36,admin.,single,secondary,no,0,yes,no,cellular,21,nov,139,2,-1,0,unknown,no
39,blue-collar,married,primary,no,2303,yes,no,unknown,17,jun,775,3,-1,0,unknown,yes
44,blue-collar,single,primary,no,36,yes,no,cellular,15,may,551,1,371,2,failure,yes
44,admin.,married,secondary,no,262,yes,no,cellular,9,jul,74,1,-1,0,unknown,no
48,unemployed,single,tertiary,no,3229,no,no,unknown,16,jun,1089,1,-1,0,unknown,yes
53,management,married,tertiary,no,0,yes,no,cellular,14,jul,85,3,-1,0,unknown,no
68,retired,divorced,primary,no,2027,no,no,cellular,15,jun,619,2,92,2,success,yes
54,unknown,married,secondary,no,2206,no,no,cellular,13,may,260,1,91,4,success,yes
55,blue-collar,married,primary,no,3485,no,no,cellular,18,aug,625,4,-1,0,unknown,yes
38,technician,single,secondary,no,1711,no,no,cellular,20,apr,379,3,202,1,success,yes
31,services,single,secondary,no,6374,yes,no,unknown,23,may,922,2,-1,0,unknown,no
50,admin.,divorced,secondary,no,81,no,yes,cellular,21,nov,64,1,-1,0,unknown,no
43,unemployed,married,tertiary,no,0,no,no,cellular,16,jul,745,1,281,1,failure,yes
28,self-employed,married,secondary,no,-522,yes,yes,cellular,18,may,638,2,-1,0,unknown,yes
32,management,single,tertiary,no,2974,yes,no,cellular,24,apr,227,1,4,1,failure,yes
55,self-employed,married,secondary,no,12159,yes,no,cellular,20,nov,142,2,174,2,failure,no
45,blue-collar,married,primary,no,5461,yes,no,cellular,20,nov,841,2,-1,0,unknown,yes
31,technician,single,secondary,no,138,no,no,cellular,26,may,91,1,285,2,other,yes
56,management,married,primary,no,-155,yes,no,cellular,17,nov,282,1,-1,0,unknown,no
35,blue-collar,married,primary,no,-367,yes,no,cellular,11,may,77,1,350,1,failure,no
62,blue-collar,married,primary,no,1381,no,no,cellular,19,oct,1020,1,-1,0,unknown,no
25,student,single,secondary,no,1868,no,no,cellular,26,oct,259,1,103,2,other,yes
38,admin.,married,secondary,no,755,yes,no,cellular,17,feb,120,1,-1,0,unknown,yes
35,blue-collar,married,primary,no,0,no,no,cellular,31,jul,57,4,-1,0,unknown,no
35,blue-collar,divorced,secondary,no,0,yes,no,unknown,20,may,1205,1,-1,0,unknown,yes
39,services,single,tertiary,no,410,no,no,unknown,19,jun,266,4,-1,0,unknown,no
28,admin.,single,secondary,no,154,yes,no,cellular,15,may,536,1,364,1,other,yes
55,unemployed,married,secondary,no,-246,no,yes,cellular,8,jul,305,2,-1,0,unknown,no
57,retired,married,secondary,no,1841,no,no,telephone,5,jun,302,1,-1,0,unknown,yes
51,services,divorced,secondary,no,65,no,yes,cellular,15,jul,881,1,-1,0,unknown,yes
30,unemployed,single,tertiary,no,1159,no,no,telephone,5,jun,366,1,-1,0,unknown,yes
35,management,married,tertiary,no,62,no,no,cellular,8,feb,469,2,185,2,failure,yes
61,admin.,married,tertiary,no,1332,no,no,cellular,12,mar,156,1,-1,0,unknown,yes
27,student,single,secondary,no,538,no,no,cellular,4,jun,124,2,-1,0,unknown,yes
52,technician,divorced,secondary,no,152,no,no,cellular,13,aug,404,6,-1,0,unknown,yes
41,management,married,secondary,no,280,yes,no,cellular,27,feb,87,2,-1,0,unknown,yes
47,blue-collar,married,secondary,no,2787,no,no,cellular,11,aug,479,1,-1,0,unknown,yes
50,technician,married,secondary,no,892,yes,yes,unknown,15,may,234,1,-1,0,unknown,no
31,technician,divorced,tertiary,no,0,no,no,cellular,27,aug,581,6,-1,0,unknown,yes
36,management,married,tertiary,no,8564,yes,no,unknown,23,may,125,1,-1,0,unknown,no
46,blue-collar,married,unknown,no,842,yes,no,telephone,8,may,833,1,-1,0,unknown,yes
70,retired,married,primary,no,3782,no,no,cellular,16,mar,618,1,-1,0,unknown,no
37,services,married,secondary,no,1543,yes,no,cellular,16,feb,138,2,-1,0,unknown,yes
27,admin.,married,secondary,no,897,no,no,cellular,5,jun,397,1,-1,0,unknown,yes
50,management,married,primary,no,313,no,no,telephone,14,oct,958,1,-1,0,unknown,yes
57,blue-collar,married,secondary,no,1540,yes,no,cellular,17,nov,564,1,-1,0,unknown,yes
47,technician,married,secondary,no,321,yes,yes,unknown,4,jul,111,1,-1,0,unknown,no
52,management,married,tertiary,no,601,yes,no,unknown,14,may,249,2,-1,0,unknown,no
58,retired,married,tertiary,no,4048,no,yes,cellular,15,jul,270,5,-1,0,unknown,no
35,technician,married,secondary,no,518,yes,no,cellular,30,apr,616,1,-1,0,unknown,yes
62,retired,married,secondary,no,569,no,no,cellular,4,feb,94,5,184,1,success,yes
27,technician,single,secondary,no,1842,yes,yes,cellular,18,may,687,2,300,1,failure,no
59,retired,married,primary,no,2074,no,no,cellular,21,dec,467,1,186,2,success,yes
58,retired,married,primary,no,0,no,no,cellular,4,aug,506,1,-1,0,unknown,no
59,technician,married,secondary,no,7766,yes,no,cellular,25,feb,1422,1,461,1,failure,yes
27,technician,single,secondary,no,740,yes,no,cellular,5,may,294,1,-1,0,unknown,no
34,self-employed,single,secondary,no,296,no,no,cellular,27,aug,609,13,-1,0,unknown,yes
50,management,married,tertiary,no,2366,no,no,cellular,28,jan,816,2,149,1,other,yes
44,services,divorced,secondary,no,51,yes,yes,unknown,27,may,3094,2,-1,0,unknown,yes
46,unemployed,single,tertiary,no,44,no,no,cellular,14,aug,225,1,-1,0,unknown,yes
36,student,single,unknown,no,172,no,no,unknown,12,jun,81,1,-1,0,unknown,no
30,services,single,secondary,no,-100,yes,yes,cellular,15,may,292,1,-1,0,unknown,no
30,blue-collar,married,secondary,no,0,yes,yes,cellular,10,jul,1399,1,-1,0,unknown,yes
35,blue-collar,married,secondary,no,698,yes,yes,unknown,30,may,1343,3,-1,0,unknown,yes
55,management,single,tertiary,no,0,no,no,cellular,30,apr,156,3,-1,0,unknown,no
43,services,married,secondary,no,2145,no,no,cellular,22,may,271,1,183,3,failure,yes
49,technician,single,tertiary,no,2585,no,no,unknown,11,jun,64,1,-1,0,unknown,no
35,student,single,secondary,no,188,yes,no,cellular,5,may,863,1,78,8,success,yes
35,blue-collar,married,secondary,no,293,yes,no,cellular,17,apr,1017,1,325,1,other,yes
48,technician,divorced,tertiary,no,113,no,yes,cellular,22,jul,38,1,-1,0,unknown,no
29,services,married,primary,no,-102,no,no,unknown,4,jul,134,1,-1,0,unknown,no
31,services,single,secondary,no,13,no,yes,cellular,6,feb,1019,2,-1,0,unknown,yes
40,self-employed,married,tertiary,no,1498,no,no,cellular,4,feb,62,1,-1,0,unknown,no
42,entrepreneur,married,unknown,no,206,yes,no,cellular,30,jul,695,2,-1,0,unknown,yes
50,admin.,single,secondary,no,133,no,no,cellular,28,jul,890,4,-1,0,unknown,yes
46,housemaid,married,primary,no,296,yes,no,unknown,20,jun,205,4,-1,0,unknown,no
42,management,married,tertiary,no,72,yes,no,cellular,20,apr,124,2,348,3,failure,no
58,admin.,married,secondary,no,145,yes,no,telephone,29,jul,616,13,-1,0,unknown,yes
36,services,single,secondary,no,0,yes,no,cellular,12,may,398,6,-1,0,unknown,yes
52,housemaid,married,primary,no,256,no,no,cellular,6,aug,137,1,-1,0,unknown,no
30,admin.,married,secondary,no,-170,yes,yes,unknown,26,may,130,1,-1,0,unknown,no
29,management,single,tertiary,no,572,no,no,cellular,4,jun,224,1,-1,0,unknown,yes
47,admin.,married,secondary,no,829,yes,yes,cellular,18,nov,48,1,188,1,failure,no
39,management,divorced,tertiary,no,30,no,yes,cellular,3,feb,265,4,-1,0,unknown,no
53,blue-collar,married,primary,no,343,yes,no,cellular,25,jul,616,5,-1,0,unknown,yes
43,management,divorced,tertiary,no,-410,no,yes,cellular,9,jul,189,1,-1,0,unknown,no
35,technician,married,secondary,no,2019,yes,yes,cellular,18,nov,83,2,144,1,failure,no
56,admin.,married,secondary,no,2087,yes,no,unknown,12,may,146,1,-1,0,unknown,no
40,blue-collar,single,secondary,no,82,yes,no,cellular,13,may,135,6,370,5,failure,no
37,admin.,single,secondary,no,245,yes,yes,unknown,7,may,732,2,-1,0,unknown,yes
35,blue-collar,married,secondary,no,106,yes,no,cellular,14,apr,252,5,-1,0,unknown,no
60,retired,divorced,secondary,no,514,no,no,cellular,15,oct,187,2,213,10,success,yes
60,management,married,tertiary,no,3301,no,no,unknown,17,jun,2621,3,-1,0,unknown,yes
46,management,divorced,tertiary,no,0,no,yes,cellular,29,aug,38,6,-1,0,unknown,no
38,admin.,married,tertiary,no,1988,no,no,cellular,27,mar,164,2,130,2,failure,yes
46,management,married,tertiary,no,1600,yes,yes,cellular,11,aug,1244,1,-1,0,unknown,yes
48,services,married,secondary,no,1355,no,no,cellular,12,aug,409,7,-1,0,unknown,no
31,management,married,tertiary,no,537,yes,no,cellular,18,aug,216,1,-1,0,unknown,yes
66,retired,married,primary,no,3629,no,no,cellular,2,feb,474,1,172,2,other,yes
31,technician,married,secondary,no,318,no,no,cellular,2,dec,310,1,-1,0,unknown,yes
34,admin.,single,secondary,no,1704,yes,no,unknown,15,may,218,2,-1,0,unknown,no
33,technician,married,secondary,no,2362,yes,no,cellular,26,aug,271,4,-1,0,unknown,no
30,technician,married,secondary,no,0,yes,no,cellular,14,may,47,3,-1,0,unknown,no
40,admin.,married,secondary,no,-283,no,no,unknown,20,jun,253,2,-1,0,unknown,no
80,retired,married,secondary,no,8304,no,no,telephone,9,jun,712,1,64,12,failure,yes
31,entrepreneur,single,secondary,no,379,yes,no,cellular,18,jul,570,2,-1,0,unknown,no
44,blue-collar,single,primary,no,1308,no,yes,unknown,19,jun,161,1,-1,0,unknown,no
30,admin.,married,secondary,no,4,no,no,unknown,20,jun,7,2,-1,0,unknown,no
58,blue-collar,married,secondary,no,544,no,no,unknown,17,jun,97,1,-1,0,unknown,no
43,self-employed,married,primary,no,66,yes,no,unknown,7,may,175,5,-1,0,unknown,no
40,admin.,single,secondary,no,90,yes,no,unknown,2,jun,252,4,-1,0,unknown,no
30,management,single,tertiary,no,3410,yes,no,cellular,18,may,140,1,-1,0,unknown,no
34,services,divorced,secondary,no,89,yes,no,cellular,15,may,1871,4,-1,0,unknown,yes
32,management,single,tertiary,no,1882,no,no,cellular,25,aug,497,5,-1,0,unknown,yes
45,management,married,secondary,no,21,yes,no,unknown,3,jun,788,2,-1,0,unknown,no
41,blue-collar,single,secondary,no,925,yes,no,telephone,13,may,43,1,-1,0,unknown,no
41,housemaid,married,primary,no,0,no,no,cellular,14,apr,168,1,-1,0,unknown,yes
27,management,single,tertiary,no,12956,yes,no,unknown,29,may,789,3,-1,0,unknown,yes
55,admin.,married,secondary,no,1662,no,no,cellular,4,jun,94,2,-1,0,unknown,yes
34,management,married,tertiary,no,0,no,no,cellular,22,apr,176,1,-1,0,unknown,no
29,blue-collar,single,secondary,no,922,yes,no,cellular,18,may,72,1,-1,0,unknown,no
38,blue-collar,single,tertiary,no,172,yes,no,cellular,1,apr,1176,1,-1,0,unknown,yes
35,management,single,tertiary,no,1120,no,no,unknown,21,sep,4,1,771,2,success,no
29,admin.,single,secondary,no,163,yes,yes,unknown,16,may,803,1,-1,0,unknown,yes
30,admin.,single,tertiary,no,311,no,no,cellular,31,mar,158,2,-1,0,unknown,yes
28,services,single,secondary,no,60,no,yes,cellular,29,jan,248,1,-1,0,unknown,no
53,management,married,tertiary,no,37,no,no,cellular,28,aug,51,9,-1,0,unknown,no
60,admin.,divorced,secondary,no,-41,yes,yes,cellular,6,feb,1658,1,262,1,failure,yes
37,technician,single,tertiary,no,1609,no,yes,unknown,20,jun,10,19,-1,0,unknown,no
51,admin.,married,secondary,no,2662,no,no,telephone,28,jan,148,2,-1,0,unknown,no
58,management,single,tertiary,no,1387,yes,no,telephone,3,feb,140,6,6,6,other,no
34,blue-collar,married,secondary,no,262,no,no,cellular,15,sep,89,2,106,1,success,yes
34,admin.,divorced,secondary,no,479,yes,no,cellular,12,may,515,1,350,5,failure,yes
55,technician,divorced,secondary,yes,4,no,no,cellular,28,jan,1048,1,-1,0,unknown,yes
40,management,married,secondary,no,4396,no,no,cellular,12,aug,432,3,-1,0,unknown,yes
32,technician,married,secondary,no,660,no,no,cellular,25,oct,226,2,490,1,failure,yes
46,management,married,tertiary,no,699,no,no,cellular,2,feb,241,1,-1,0,unknown,no
31,management,married,tertiary,no,1514,no,no,cellular,12,aug,284,2,-1,0,unknown,no
58,management,married,secondary,no,37,no,no,cellular,18,aug,84,11,-1,0,unknown,no
19,student,single,secondary,no,329,no,no,cellular,22,oct,252,2,-1,0,unknown,yes
31,management,married,tertiary,no,3914,no,yes,cellular,29,jan,266,1,-1,0,unknown,no
46,blue-collar,married,secondary,no,524,yes,no,telephone,5,may,15,7,-1,0,unknown,no
33,management,married,tertiary,no,-139,no,no,cellular,8,jul,290,1,-1,0,unknown,no
37,services,single,secondary,no,54,yes,no,cellular,10,jul,118,1,-1,0,unknown,no
33,management,married,tertiary,no,2044,yes,no,cellular,15,may,102,3,177,1,failure,no
59,blue-collar,married,primary,no,416,no,no,unknown,16,jun,92,3,-1,0,unknown,no
28,self-employed,single,tertiary,no,159,no,no,cellular,16,nov,449,2,33,4,success,yes
27,services,single,secondary,no,353,yes,no,cellular,15,may,663,1,-1,0,unknown,yes
52,services,married,primary,no,911,no,no,unknown,20,jun,29,2,-1,0,unknown,no
21,student,single,unknown,no,200,no,no,unknown,1,jun,8,1,-1,0,unknown,no
34,admin.,married,secondary,no,48,yes,no,cellular,7,may,1806,2,287,3,other,yes
49,blue-collar,married,secondary,no,3309,yes,no,cellular,15,may,349,2,-1,0,unknown,no
55,technician,married,tertiary,no,11,no,no,cellular,21,aug,588,2,-1,0,unknown,no
38,blue-collar,divorced,primary,no,0,yes,no,cellular,13,may,531,2,-1,0,unknown,yes
26,management,single,tertiary,no,828,yes,no,cellular,17,aug,156,1,199,1,failure,yes
39,blue-collar,single,primary,no,24277,no,no,cellular,28,aug,261,1,-1,0,unknown,yes
28,student,single,secondary,no,231,yes,no,cellular,8,may,55,1,-1,0,unknown,no
30,management,single,tertiary,no,2766,yes,yes,cellular,20,nov,244,1,-1,0,unknown,no
27,services,single,secondary,no,246,no,no,cellular,17,jun,453,2,-1,0,unknown,yes
44,management,married,primary,no,558,no,no,cellular,19,feb,268,5,-1,0,unknown,yes
59,services,married,secondary,no,-22,yes,no,unknown,26,may,748,3,-1,0,unknown,yes
30,management,single,tertiary,no,265,no,no,cellular,25,nov,295,1,93,3,success,no
30,blue-collar,married,secondary,no,278,yes,yes,unknown,23,may,1073,1,-1,0,unknown,yes
38,entrepreneur,married,tertiary,no,7752,yes,no,cellular,15,jul,138,4,-1,0,unknown,no
38,admin.,married,secondary,no,1839,no,no,unknown,23,may,63,2,-1,0,unknown,no
25,technician,single,secondary,no,1298,no,no,cellular,2,sep,206,7,94,2,other,no
36,blue-collar,married,secondary,no,2103,no,yes,unknown,26,jun,71,1,-1,0,unknown,no
27,technician,single,tertiary,no,1075,no,no,cellular,2,sep,529,2,184,1,success,yes
26,technician,single,secondary,no,-211,yes,no,unknown,23,may,164,3,-1,0,unknown,no
41,technician,married,tertiary,no,515,no,no,cellular,5,aug,837,2,-1,0,unknown,yes
37,management,married,tertiary,no,238,no,no,cellular,3,feb,185,1,92,1,success,yes
65,management,married,secondary,no,587,no,no,cellular,15,apr,223,2,-1,0,unknown,yes
61,retired,married,secondary,no,86,no,no,cellular,23,oct,149,1,-1,0,unknown,yes
53,management,married,secondary,no,2895,yes,no,unknown,29,may,74,1,-1,0,unknown,no
50,services,married,secondary,no,2376,yes,no,cellular,24,sep,395,1,-1,0,unknown,yes
29,admin.,single,secondary,no,-309,yes,yes,unknown,4,jun,215,1,-1,0,unknown,no
36,admin.,single,secondary,no,60,yes,no,cellular,23,sep,156,2,-1,0,unknown,yes
58,admin.,married,secondary,no,826,no,no,unknown,12,jun,885,1,-1,0,unknown,yes
49,services,married,primary,no,468,no,no,cellular,5,aug,608,2,-1,0,unknown,no
38,management,married,tertiary,no,613,no,no,cellular,30,apr,242,1,86,1,success,yes
38,services,single,secondary,no,0,yes,no,unknown,27,may,166,2,-1,0,unknown,no
61,management,married,secondary,no,544,no,no,cellular,29,dec,63,3,200,9,success,yes
25,blue-collar,single,secondary,no,1857,yes,no,cellular,13,apr,295,4,187,6,success,yes
35,entrepreneur,single,tertiary,no,1800,yes,no,unknown,5,jun,53,1,-1,0,unknown,no
36,technician,single,secondary,yes,12,no,no,cellular,12,aug,587,2,-1,0,unknown,yes
30,technician,divorced,tertiary,no,317,yes,no,cellular,25,jul,67,5,-1,0,unknown,no
24,student,single,primary,no,474,no,no,cellular,30,apr,551,1,-1,0,unknown,yes
57,retired,married,secondary,no,3738,yes,no,cellular,20,jul,178,2,92,8,failure,yes
37,admin.,single,secondary,no,796,yes,no,telephone,29,jan,143,3,-1,0,unknown,no
51,technician,married,secondary,no,196,yes,yes,cellular,17,feb,88,1,-1,0,unknown,yes
42,management,divorced,tertiary,no,461,yes,no,unknown,3,jun,72,1,-1,0,unknown,no
41,technician,married,tertiary,no,13,no,no,unknown,5,jun,189,2,-1,0,unknown,no
47,management,divorced,tertiary,no,8226,yes,no,cellular,30,jul,137,2,-1,0,unknown,no
41,admin.,divorced,secondary,no,1076,yes,no,cellular,3,jun,77,2,391,2,other,no
65,retired,married,primary,no,3629,no,no,cellular,27,apr,148,1,-1,0,unknown,yes
29,self-employed,single,tertiary,no,476,yes,no,cellular,18,may,427,1,-1,0,unknown,yes
38,services,married,secondary,no,-349,yes,no,cellular,20,apr,111,2,328,5,failure,no
41,blue-collar,single,primary,no,0,yes,no,unknown,16,may,522,5,-1,0,unknown,no
55,retired,married,primary,no,2,no,no,unknown,27,jun,392,4,-1,0,unknown,no
49,management,married,tertiary,no,271,yes,no,cellular,5,feb,18,6,-1,0,unknown,no
28,admin.,single,secondary,no,707,yes,no,cellular,25,may,226,1,-1,0,unknown,yes
33,services,single,secondary,no,170,no,no,cellular,7,jul,782,1,-1,0,unknown,yes
31,services,single,secondary,no,1027,no,no,cellular,2,jul,217,3,-1,0,unknown,yes
33,technician,married,tertiary,no,-482,yes,no,cellular,29,jul,90,3,-1,0,unknown,no
39,blue-collar,married,secondary,no,180,yes,no,cellular,16,apr,237,1,-1,0,unknown,no
36,blue-collar,married,primary,no,679,yes,yes,cellular,13,may,115,1,-1,0,unknown,no
31,blue-collar,married,secondary,no,-190,yes,yes,cellular,8,may,299,3,-1,0,unknown,no
51,entrepreneur,married,tertiary,no,5254,yes,no,unknown,23,oct,134,1,-1,0,unknown,yes
37,entrepreneur,married,tertiary,no,189,no,no,cellular,2,jun,253,2,-1,0,unknown,yes
40,services,married,secondary,no,0,yes,no,cellular,21,nov,43,1,185,2,failure,no
48,blue-collar,divorced,secondary,no,-314,yes,no,cellular,18,may,7,5,-1,0,unknown,no
37,technician,single,secondary,no,1211,yes,no,unknown,21,may,795,1,-1,0,unknown,yes
47,unemployed,married,secondary,no,926,no,no,cellular,14,aug,436,1,403,5,success,yes
35,management,married,tertiary,no,451,yes,no,cellular,17,apr,220,6,-1,0,unknown,no
45,technician,married,tertiary,no,-525,no,yes,cellular,21,nov,980,2,-1,0,unknown,yes
52,blue-collar,married,primary,no,4793,yes,no,unknown,6,jun,176,2,-1,0,unknown,no
37,services,married,secondary,no,4151,yes,yes,cellular,30,jul,543,4,-1,0,unknown,yes
32,management,married,tertiary,no,1812,no,no,cellular,4,aug,296,1,182,4,other,yes
28,admin.,single,secondary,no,0,yes,yes,cellular,18,may,390,5,-1,0,unknown,yes
24,student,single,secondary,no,493,yes,no,cellular,13,may,85,4,358,1,other,no
27,admin.,married,secondary,no,0,yes,no,cellular,6,may,837,1,-1,0,unknown,yes
40,admin.,single,secondary,no,877,yes,no,cellular,21,nov,12,3,177,6,failure,no
25,blue-collar,single,secondary,no,1243,no,yes,cellular,10,jul,1341,7,-1,0,unknown,yes
59,technician,married,secondary,no,135,yes,yes,cellular,23,jul,416,4,-1,0,unknown,yes
31,blue-collar,single,secondary,no,2137,no,no,unknown,29,may,413,1,-1,0,unknown,no
34,technician,single,secondary,no,161,no,yes,cellular,8,aug,61,2,-1,0,unknown,no
45,management,married,tertiary,no,547,no,no,cellular,2,feb,577,1,-1,0,unknown,yes
55,management,single,secondary,no,220,yes,no,unknown,6,may,328,2,-1,0,unknown,no
53,technician,divorced,tertiary,no,2228,no,no,cellular,17,nov,890,1,-1,0,unknown,yes
44,services,married,primary,no,2557,yes,no,cellular,14,apr,250,1,181,8,success,yes
41,admin.,single,tertiary,no,982,no,no,cellular,23,jul,105,1,-1,0,unknown,no
37,blue-collar,married,secondary,no,288,yes,no,cellular,5,may,159,6,-1,0,unknown,no
27,services,married,secondary,no,202,yes,no,telephone,8,jul,212,2,-1,0,unknown,no
40,management,single,tertiary,no,0,no,no,cellular,26,aug,58,7,-1,0,unknown,no
36,blue-collar,married,primary,no,448,yes,no,unknown,5,may,286,1,-1,0,unknown,no
62,retired,married,secondary,no,3,no,no,cellular,4,aug,151,1,-1,0,unknown,no
60,management,married,tertiary,no,553,yes,no,cellular,2,feb,343,1,210,3,success,no
59,self-employed,married,tertiary,no,2013,no,no,cellular,17,nov,409,2,-1,0,unknown,yes
32,management,single,tertiary,no,131,no,no,unknown,3,jun,267,3,-1,0,unknown,no
31,blue-collar,married,primary,no,292,yes,yes,unknown,30,may,30,18,-1,0,unknown,no
37,management,single,tertiary,no,22125,no,yes,cellular,21,nov,331,2,-1,0,unknown,yes
55,technician,divorced,secondary,no,3450,no,no,cellular,10,feb,169,1,183,1,failure,yes
34,management,single,tertiary,no,549,no,no,cellular,6,oct,1246,2,-1,0,unknown,yes
45,management,single,tertiary,no,2067,yes,no,cellular,13,aug,393,2,462,1,success,yes
40,technician,single,tertiary,no,47,yes,no,cellular,5,may,159,1,365,1,failure,no
34,technician,single,tertiary,no,2658,yes,no,cellular,31,mar,265,1,230,2,failure,no
45,technician,married,secondary,no,2571,no,no,unknown,18,jun,146,2,-1,0,unknown,no
28,student,single,tertiary,no,844,no,no,cellular,16,apr,551,2,-1,0,unknown,yes
45,technician,divorced,secondary,no,2657,no,no,cellular,7,aug,895,3,-1,0,unknown,yes
47,blue-collar,married,secondary,no,4840,no,no,unknown,16,jun,53,1,-1,0,unknown,no
34,entrepreneur,married,primary,no,7279,yes,no,cellular,12,may,882,1,-1,0,unknown,yes
42,entrepreneur,married,tertiary,no,5345,no,no,unknown,11,jun,878,3,-1,0,unknown,yes
26,management,divorced,tertiary,no,667,no,no,telephone,19,jun,177,2,-1,0,unknown,no
47,management,divorced,tertiary,no,107,no,no,unknown,15,may,246,1,-1,0,unknown,no
52,retired,divorced,primary,no,353,no,no,cellular,31,jul,395,4,-1,0,unknown,no
39,blue-collar,married,primary,no,-119,no,no,unknown,17,jun,135,6,-1,0,unknown,no
34,management,single,tertiary,no,1228,no,no,cellular,30,apr,580,2,84,8,success,yes
50,housemaid,married,secondary,no,388,no,no,cellular,8,jun,152,2,89,2,success,no
66,housemaid,married,secondary,no,1929,no,no,cellular,2,feb,169,1,-1,0,unknown,no
39,management,married,tertiary,no,-233,yes,no,cellular,19,nov,249,1,-1,0,unknown,no
23,management,single,tertiary,no,2605,yes,no,unknown,7,may,278,6,-1,0,unknown,no
42,admin.,married,secondary,no,534,yes,no,unknown,16,may,139,2,-1,0,unknown,no
32,student,single,unknown,no,4110,no,no,cellular,6,feb,119,8,-1,0,unknown,no
47,technician,married,secondary,no,1167,yes,no,cellular,4,aug,505,1,96,6,success,yes
25,blue-collar,single,secondary,no,192,no,no,telephone,4,jul,112,2,-1,0,unknown,no
27,management,single,tertiary,no,2648,no,no,cellular,5,feb,917,1,-1,0,unknown,yes
42,management,married,tertiary,no,2187,yes,no,cellular,17,nov,525,3,-1,0,unknown,yes
36,technician,married,tertiary,no,571,yes,yes,cellular,31,jul,46,3,-1,0,unknown,no
73,retired,married,secondary,no,2850,no,no,cellular,17,nov,300,1,40,8,failure,yes
38,blue-collar,married,secondary,no,1627,no,no,unknown,16,jun,1323,9,-1,0,unknown,yes
32,blue-collar,married,secondary,no,897,yes,no,cellular,7,apr,293,3,322,2,failure,no
38,management,divorced,tertiary,no,155,yes,no,unknown,20,jun,25,26,-1,0,unknown,no
68,retired,divorced,primary,no,250,no,no,cellular,3,feb,360,1,-1,0,unknown,yes
25,admin.,single,secondary,no,1871,no,no,cellular,8,sep,260,1,96,1,success,yes
57,management,divorced,unknown,no,2986,no,no,cellular,17,dec,222,2,231,1,failure,yes
36,management,married,tertiary,no,-633,yes,no,cellular,17,jul,106,1,-1,0,unknown,no
33,blue-collar,single,secondary,no,15341,no,no,cellular,20,apr,335,1,334,3,failure,no
42,blue-collar,married,secondary,no,2913,no,no,cellular,3,jun,705,1,195,1,failure,yes
78,retired,married,tertiary,no,1204,no,no,telephone,17,nov,135,1,-1,0,unknown,yes
62,retired,married,secondary,no,1495,no,no,cellular,17,aug,606,1,196,1,success,yes
40,blue-collar,single,primary,no,1530,yes,no,cellular,20,apr,8,3,315,1,failure,no
50,management,married,secondary,no,2910,no,no,telephone,19,nov,433,1,113,1,failure,no
56,management,married,primary,no,870,no,no,cellular,14,may,220,1,179,1,success,yes
50,self-employed,married,primary,no,0,no,no,cellular,22,aug,125,4,-1,0,unknown,no
45,management,single,tertiary,no,2048,yes,no,cellular,18,oct,310,1,804,1,failure,yes
38,management,divorced,tertiary,no,151,yes,no,cellular,17,jul,50,1,-1,0,unknown,no
30,technician,single,tertiary,no,0,yes,no,cellular,5,jul,140,1,424,8,success,yes
34,technician,married,secondary,no,0,yes,no,cellular,3,aug,261,1,470,2,failure,yes
29,technician,married,secondary,no,1180,yes,no,cellular,17,apr,367,3,323,3,failure,yes
34,management,married,tertiary,no,133,yes,no,unknown,8,may,65,1,-1,0,unknown,no
37,blue-collar,married,secondary,no,168,yes,no,cellular,17,apr,266,2,-1,0,unknown,no
40,services,divorced,secondary,no,694,yes,no,cellular,31,jul,75,14,-1,0,unknown,no
30,management,single,tertiary,no,565,yes,no,cellular,26,oct,104,1,-1,0,unknown,no
36,unemployed,married,secondary,no,439,yes,no,telephone,6,feb,18,6,-1,0,unknown,no
21,student,single,tertiary,no,1258,no,no,cellular,7,jul,404,1,-1,0,unknown,no
25,admin.,single,secondary,no,96,yes,no,unknown,9,may,176,2,-1,0,unknown,no
30,technician,married,secondary,no,394,no,no,cellular,22,aug,216,13,-1,0,unknown,no
54,technician,married,secondary,no,0,no,no,telephone,5,feb,744,3,-1,0,unknown,yes
58,blue-collar,married,primary,no,73,no,no,unknown,17,jun,116,1,-1,0,unknown,no
35,entrepreneur,married,secondary,no,1163,yes,no,unknown,20,may,284,1,-1,0,unknown,no
61,retired,divorced,secondary,no,927,no,no,cellular,30,apr,427,3,-1,0,unknown,yes
35,technician,married,tertiary,no,633,yes,yes,cellular,2,feb,76,3,5,3,other,no
26,services,single,secondary,no,1347,no,no,telephone,18,jun,280,6,92,5,other,yes
56,technician,single,secondary,no,751,yes,no,cellular,15,may,43,8,177,5,failure,no
27,admin.,single,secondary,no,18188,yes,no,unknown,12,jun,541,17,-1,0,unknown,yes
26,management,single,tertiary,no,45,no,no,cellular,10,jul,1187,3,-1,0,unknown,yes
30,blue-collar,married,secondary,no,501,yes,yes,unknown,27,may,514,1,-1,0,unknown,no
49,services,married,secondary,no,66,yes,yes,cellular,21,nov,59,4,-1,0,unknown,no
32,admin.,married,secondary,no,56,yes,no,cellular,2,feb,275,1,258,1,other,no
57,admin.,single,secondary,no,3551,yes,no,cellular,12,may,458,1,-1,0,unknown,yes
46,blue-collar,married,secondary,no,229,yes,no,cellular,17,apr,191,1,-1,0,unknown,no
58,retired,married,primary,no,282,yes,no,cellular,28,jul,40,4,-1,0,unknown,no
38,entrepreneur,married,secondary,no,593,yes,yes,cellular,24,jul,1484,24,-1,0,unknown,yes
30,management,single,tertiary,no,12857,yes,no,cellular,6,nov,150,1,-1,0,unknown,yes
31,management,single,tertiary,no,307,no,no,cellular,21,nov,86,2,-1,0,unknown,no
46,management,married,tertiary,no,0,no,no,cellular,18,nov,716,2,110,3,other,yes
58,management,divorced,unknown,no,2986,no,no,cellular,16,sep,414,1,91,5,other,yes
48,management,married,tertiary,no,1147,no,no,cellular,3,dec,155,1,120,3,success,yes
31,blue-collar,single,secondary,no,239,yes,no,cellular,18,may,666,1,360,1,success,yes
46,blue-collar,married,unknown,no,336,yes,no,cellular,14,aug,260,3,457,1,other,yes
34,admin.,divorced,secondary,no,1085,no,no,cellular,11,mar,101,7,-1,0,unknown,yes
36,blue-collar,married,secondary,no,29,yes,yes,cellular,31,jul,345,1,-1,0,unknown,no
40,admin.,married,secondary,no,0,no,no,cellular,28,jul,496,2,182,11,success,yes
54,retired,single,secondary,no,129,no,yes,cellular,28,jul,867,2,-1,0,unknown,yes
45,admin.,married,secondary,yes,-106,yes,yes,cellular,7,may,553,3,288,1,other,yes
37,unknown,single,tertiary,no,0,no,no,cellular,8,jun,257,2,97,1,success,yes
55,services,divorced,secondary,no,0,no,no,cellular,27,sep,262,6,193,4,success,yes
62,entrepreneur,married,secondary,no,3904,no,no,telephone,29,jan,403,2,-1,0,unknown,yes
25,student,single,secondary,no,2975,no,no,cellular,2,sep,799,2,-1,0,unknown,yes
66,retired,married,secondary,no,2326,no,yes,cellular,18,feb,232,1,181,1,success,yes
44,technician,married,secondary,no,1901,no,no,cellular,6,aug,165,2,-1,0,unknown,no
57,management,married,tertiary,no,830,yes,yes,cellular,8,may,662,1,367,1,success,yes
30,management,married,tertiary,no,1996,no,no,cellular,8,feb,1133,3,101,1,other,yes
48,management,married,tertiary,no,1147,no,no,cellular,5,aug,389,1,64,2,success,yes
47,management,married,tertiary,no,600,no,no,cellular,19,aug,290,15,-1,0,unknown,yes
32,services,single,secondary,no,5806,yes,no,cellular,20,nov,1503,2,-1,0,unknown,yes
18,student,single,unknown,no,108,no,no,cellular,8,sep,169,1,-1,0,unknown,yes
27,management,single,tertiary,yes,0,yes,no,unknown,19,may,352,1,-1,0,unknown,no
30,management,married,tertiary,no,2994,yes,no,cellular,26,mar,156,1,137,1,other,no
35,self-employed,married,tertiary,no,3698,yes,no,cellular,5,mar,106,1,-1,0,unknown,yes
36,blue-collar,married,primary,no,408,yes,yes,unknown,20,may,1063,2,-1,0,unknown,yes
32,unemployed,married,secondary,no,262,no,no,cellular,29,jan,203,1,-1,0,unknown,no
34,services,married,secondary,no,1637,yes,no,cellular,21,nov,107,4,-1,0,unknown,no
27,services,single,secondary,no,194,yes,no,unknown,16,may,326,1,-1,0,unknown,no
48,blue-collar,married,unknown,no,113,no,no,cellular,11,aug,104,13,-1,0,unknown,no
36,technician,single,secondary,no,1044,yes,no,cellular,20,aug,15,19,-1,0,unknown,no
63,retired,divorced,primary,no,109,no,no,cellular,10,nov,406,2,-1,0,unknown,yes
22,student,single,tertiary,no,691,no,no,cellular,30,nov,260,5,103,1,success,yes
42,housemaid,divorced,secondary,no,1406,yes,no,cellular,22,jul,178,1,-1,0,unknown,no
41,technician,married,secondary,no,0,no,no,cellular,28,jan,411,2,156,8,other,no
64,retired,married,secondary,no,588,no,no,cellular,18,jan,366,1,91,2,failure,yes
34,entrepreneur,married,secondary,no,3119,yes,no,unknown,21,may,250,4,-1,0,unknown,no
52,technician,married,tertiary,no,0,no,no,cellular,9,nov,467,3,92,7,failure,yes
24,blue-collar,single,secondary,no,1857,yes,no,cellular,8,oct,147,1,92,5,other,yes
26,blue-collar,single,tertiary,no,644,no,no,cellular,2,dec,346,1,-1,0,unknown,yes
32,services,married,secondary,no,-34,yes,no,unknown,30,may,1236,2,-1,0,unknown,yes
46,entrepreneur,married,secondary,no,3317,no,no,cellular,19,nov,231,2,-1,0,unknown,no
29,technician,single,tertiary,no,1669,no,no,cellular,3,feb,297,1,-1,0,unknown,yes
40,blue-collar,married,unknown,no,1181,yes,no,cellular,4,feb,718,2,189,2,success,yes
38,services,married,secondary,no,-314,yes,no,unknown,28,may,66,2,-1,0,unknown,no
41,technician,married,secondary,no,10438,yes,no,telephone,15,jul,141,4,-1,0,unknown,no
47,management,married,tertiary,no,3505,no,no,cellular,17,nov,434,2,-1,0,unknown,yes
32,admin.,single,secondary,no,678,yes,no,cellular,4,feb,1579,1,246,4,failure,yes
44,admin.,married,secondary,yes,0,no,yes,unknown,30,jun,76,3,-1,0,unknown,no
51,blue-collar,married,secondary,no,955,no,yes,cellular,17,dec,221,3,-1,0,unknown,yes
60,admin.,married,secondary,no,-396,yes,no,cellular,11,may,443,1,350,1,failure,no
38,technician,single,secondary,no,565,yes,no,cellular,30,apr,1143,1,-1,0,unknown,yes
37,blue-collar,divorced,secondary,no,316,yes,no,unknown,26,may,642,2,-1,0,unknown,yes
32,blue-collar,single,secondary,no,811,yes,no,cellular,14,may,563,1,-1,0,unknown,yes
55,management,married,unknown,no,3122,no,no,cellular,8,jul,349,1,-1,0,unknown,yes
36,management,married,tertiary,no,203,no,no,cellular,23,jul,608,3,179,2,success,yes
26,blue-collar,single,secondary,no,249,yes,no,cellular,29,jan,235,3,262,5,failure,no
62,housemaid,married,secondary,no,2,no,no,cellular,3,nov,322,1,-1,0,unknown,yes
24,student,single,secondary,no,23878,no,no,cellular,18,feb,185,1,-1,0,unknown,yes
40,management,married,tertiary,no,423,yes,no,cellular,30,jul,134,24,-1,0,unknown,no
35,technician,married,tertiary,no,22,no,no,cellular,11,aug,109,1,-1,0,unknown,no
29,unemployed,single,secondary,no,1055,no,no,cellular,23,sep,427,1,603,1,failure,yes
33,technician,married,secondary,no,5083,no,no,cellular,27,oct,161,1,96,2,other,no
54,management,married,tertiary,no,588,no,no,cellular,13,aug,327,1,-1,0,unknown,no
47,technician,divorced,secondary,no,157,yes,no,cellular,25,aug,163,8,-1,0,unknown,no
27,services,single,tertiary,no,1501,yes,no,cellular,24,jul,187,1,-1,0,unknown,no
44,blue-collar,single,primary,no,0,yes,no,cellular,24,jul,184,1,-1,0,unknown,no
73,retired,married,primary,no,934,no,no,cellular,14,sep,961,5,-1,0,unknown,yes
32,services,single,secondary,no,2459,yes,yes,unknown,23,may,162,1,-1,0,unknown,no
30,blue-collar,divorced,secondary,yes,457,yes,no,unknown,20,jun,115,20,-1,0,unknown,no
68,retired,divorced,primary,no,2027,no,no,cellular,14,sep,404,2,91,4,success,yes
23,student,single,tertiary,no,0,no,no,cellular,10,aug,213,1,-1,0,unknown,yes
50,management,single,tertiary,no,490,no,no,cellular,14,aug,273,5,-1,0,unknown,no
52,technician,divorced,secondary,no,511,no,yes,cellular,20,aug,98,4,-1,0,unknown,no
61,retired,married,secondary,no,11,no,no,cellular,29,sep,232,1,92,3,success,yes
32,services,single,secondary,no,2881,no,no,cellular,2,jul,356,1,-1,0,unknown,yes
47,services,married,secondary,no,367,yes,no,cellular,12,may,309,1,306,4,success,yes
32,admin.,married,secondary,no,8749,yes,yes,unknown,21,oct,294,1,-1,0,unknown,yes
60,entrepreneur,married,primary,no,83,yes,no,cellular,17,jul,302,2,-1,0,unknown,no
26,blue-collar,single,primary,no,-295,yes,no,cellular,6,may,138,1,-1,0,unknown,no
26,student,single,secondary,no,864,yes,no,cellular,15,may,659,1,-1,0,unknown,yes
95,retired,divorced,primary,no,2282,no,no,telephone,21,apr,207,17,-1,0,unknown,yes
40,services,divorced,secondary,no,160,no,no,cellular,14,jul,123,3,-1,0,unknown,no
36,services,married,secondary,no,5024,no,no,unknown,21,may,139,1,-1,0,unknown,no
33,services,married,secondary,no,881,yes,no,unknown,21,may,67,5,-1,0,unknown,no
31,technician,single,secondary,no,2544,no,no,cellular,12,jan,229,1,279,2,success,yes
37,technician,married,secondary,no,494,yes,no,cellular,2,feb,247,2,269,3,failure,no
34,admin.,married,secondary,no,260,no,no,cellular,28,jan,50,1,-1,0,unknown,no
32,admin.,single,tertiary,no,291,no,no,telephone,28,jan,223,6,275,5,other,no
29,admin.,divorced,secondary,no,-254,yes,no,cellular,14,may,406,2,-1,0,unknown,yes
47,blue-collar,married,primary,no,292,no,yes,telephone,28,jul,210,3,-1,0,unknown,no
23,student,single,secondary,no,8494,no,no,cellular,25,aug,158,2,-1,0,unknown,no
49,technician,married,secondary,no,378,no,no,unknown,9,jun,189,2,-1,0,unknown,no
57,entrepreneur,married,secondary,no,1179,no,no,cellular,19,aug,189,2,-1,0,unknown,no
60,technician,married,secondary,no,824,yes,no,cellular,9,feb,127,1,558,7,other,yes
41,technician,single,secondary,no,769,no,yes,cellular,20,nov,222,4,98,4,other,no
36,management,married,secondary,no,565,no,no,cellular,27,mar,300,1,-1,0,unknown,yes
39,technician,single,secondary,no,1435,no,no,cellular,17,jun,383,1,296,19,other,yes
58,retired,married,tertiary,no,0,no,no,cellular,13,aug,641,4,-1,0,unknown,yes
33,management,single,tertiary,no,87,no,no,cellular,12,aug,978,1,-1,0,unknown,yes
40,management,single,tertiary,no,171,no,no,cellular,19,aug,1241,3,-1,0,unknown,no
40,management,married,tertiary,no,2487,no,no,cellular,30,apr,126,1,-1,0,unknown,no
29,technician,single,tertiary,no,940,yes,no,cellular,15,may,757,1,330,1,failure,no
28,management,single,tertiary,no,9710,no,no,cellular,14,oct,786,2,-1,0,unknown,no
46,technician,married,unknown,no,3308,no,no,cellular,28,jul,219,2,-1,0,unknown,yes
41,management,married,tertiary,no,254,no,no,cellular,9,jun,183,2,294,2,failure,yes
44,technician,single,secondary,no,1679,no,no,telephone,20,oct,718,1,-1,0,unknown,yes
39,admin.,single,secondary,no,1078,no,no,unknown,3,jun,199,3,-1,0,unknown,no
41,self-employed,married,secondary,no,3123,yes,no,cellular,3,apr,1203,2,135,2,failure,yes
58,unknown,married,tertiary,no,4150,no,no,unknown,6,jun,363,1,-1,0,unknown,no
69,retired,divorced,tertiary,no,247,no,no,cellular,22,apr,138,2,-1,0,unknown,yes
32,technician,married,primary,no,62,yes,yes,unknown,13,may,120,1,-1,0,unknown,no
31,services,married,secondary,no,-414,yes,no,cellular,6,may,1369,3,-1,0,unknown,no
37,technician,single,secondary,no,363,yes,no,cellular,21,nov,39,4,182,3,failure,no
43,management,married,secondary,no,373,yes,no,unknown,28,may,54,1,-1,0,unknown,no
33,management,married,tertiary,no,728,yes,no,cellular,13,aug,275,5,-1,0,unknown,no
26,admin.,single,secondary,no,96,no,no,cellular,6,may,606,1,345,1,failure,no
44,management,married,tertiary,no,0,no,no,unknown,13,may,27,1,-1,0,unknown,no
26,student,single,tertiary,no,294,no,no,cellular,4,dec,208,2,-1,0,unknown,yes
49,blue-collar,single,primary,no,566,yes,no,cellular,25,jul,979,2,-1,0,unknown,yes
39,blue-collar,single,secondary,no,0,no,no,cellular,22,jul,864,4,-1,0,unknown,yes
56,technician,divorced,secondary,no,179,no,no,cellular,18,jul,536,1,-1,0,unknown,yes
49,technician,married,secondary,no,808,yes,no,cellular,28,jan,1232,1,-1,0,unknown,yes
29,management,single,tertiary,no,307,yes,no,cellular,2,jun,690,1,-1,0,unknown,yes
45,technician,married,secondary,no,1348,no,yes,cellular,1,apr,358,2,-1,0,unknown,yes
42,management,married,unknown,no,849,yes,no,cellular,8,oct,667,1,321,1,other,yes
33,admin.,married,secondary,no,1077,yes,no,cellular,18,may,432,3,374,3,other,no
32,self-employed,married,secondary,no,514,yes,no,cellular,11,jul,812,1,-1,0,unknown,yes
41,technician,single,unknown,no,356,yes,no,unknown,13,may,93,2,-1,0,unknown,no
61,retired,married,secondary,no,1058,no,no,cellular,27,apr,159,3,-1,0,unknown,yes
38,blue-collar,married,secondary,no,292,yes,yes,unknown,6,jun,84,2,-1,0,unknown,no
54,blue-collar,married,primary,no,-636,yes,no,unknown,30,may,324,3,-1,0,unknown,no
41,admin.,married,secondary,no,-76,yes,no,cellular,16,apr,263,1,-1,0,unknown,no
45,management,married,primary,no,321,yes,no,cellular,30,jul,918,4,-1,0,unknown,no
34,management,married,tertiary,no,188,no,no,cellular,5,may,399,1,-1,0,unknown,no
50,blue-collar,married,primary,no,-37,yes,no,unknown,12,may,78,3,-1,0,unknown,no
59,retired,married,primary,yes,-13,no,no,cellular,11,aug,77,1,-1,0,unknown,no
27,technician,married,tertiary,no,276,no,no,unknown,16,may,218,2,-1,0,unknown,no
32,technician,married,tertiary,no,514,yes,no,unknown,20,may,414,2,-1,0,unknown,no
37,housemaid,married,secondary,no,7433,no,yes,cellular,5,feb,630,3,-1,0,unknown,yes
29,blue-collar,married,primary,no,79,yes,no,unknown,27,may,22,2,-1,0,unknown,no
41,management,divorced,tertiary,no,236,no,no,cellular,3,feb,159,2,-1,0,unknown,no
46,management,married,tertiary,yes,-337,no,yes,cellular,21,aug,120,2,-1,0,unknown,no
56,management,married,primary,no,405,no,no,cellular,21,jul,251,2,-1,0,unknown,no
42,technician,single,secondary,no,0,yes,no,unknown,6,may,293,1,-1,0,unknown,no
45,blue-collar,single,secondary,no,0,no,no,cellular,5,aug,374,2,472,1,success,yes
38,management,single,tertiary,no,427,yes,no,cellular,18,nov,253,1,182,1,failure,no
19,student,single,secondary,no,372,no,no,telephone,8,jul,444,3,-1,0,unknown,yes
35,blue-collar,single,secondary,no,40,yes,no,unknown,9,may,617,4,-1,0,unknown,yes
30,admin.,single,secondary,no,313,yes,no,cellular,4,feb,1121,2,-1,0,unknown,yes
34,management,married,tertiary,no,13,yes,no,cellular,21,jul,47,1,-1,0,unknown,no
48,housemaid,married,tertiary,no,5473,no,no,cellular,24,feb,127,2,184,2,success,yes
41,admin.,single,secondary,no,224,yes,no,cellular,12,may,22,8,-1,0,unknown,no
35,blue-collar,divorced,secondary,no,336,yes,no,cellular,14,may,191,1,346,2,failure,yes
34,management,married,tertiary,no,3050,yes,no,cellular,13,may,469,1,-1,0,unknown,yes
38,technician,single,secondary,no,1655,no,no,cellular,29,jul,392,2,-1,0,unknown,no
29,management,single,tertiary,no,3041,yes,no,cellular,8,may,606,3,-1,0,unknown,yes
29,blue-collar,married,secondary,no,975,yes,no,unknown,27,may,265,2,-1,0,unknown,no
64,retired,married,tertiary,no,2139,no,no,cellular,14,oct,632,2,-1,0,unknown,no
48,blue-collar,married,primary,no,1203,no,no,cellular,6,aug,61,5,-1,0,unknown,no
36,services,single,unknown,no,281,yes,no,unknown,16,may,515,1,-1,0,unknown,yes
43,management,married,tertiary,no,839,no,no,cellular,22,jul,942,1,-1,0,unknown,yes
31,technician,single,tertiary,no,-749,yes,yes,cellular,29,jul,82,4,-1,0,unknown,no
58,technician,married,primary,no,4198,no,no,cellular,15,oct,441,5,246,5,failure,yes
50,blue-collar,married,primary,no,1064,yes,no,cellular,8,aug,31,2,-1,0,unknown,no
40,management,married,secondary,no,99,no,no,cellular,9,feb,15,5,-1,0,unknown,no
46,management,married,secondary,no,5127,no,no,cellular,6,aug,472,1,-1,0,unknown,no
29,blue-collar,married,secondary,no,5903,yes,no,unknown,8,may,194,1,-1,0,unknown,no
56,technician,married,tertiary,no,73,no,no,cellular,21,aug,644,4,-1,0,unknown,yes
60,self-employed,married,secondary,no,1690,no,no,cellular,28,aug,64,11,-1,0,unknown,no
28,admin.,married,secondary,no,1595,no,no,cellular,9,sep,268,1,254,4,success,yes
32,management,married,tertiary,no,3387,yes,no,cellular,15,may,1111,5,-1,0,unknown,yes
44,admin.,divorced,secondary,no,21,yes,no,cellular,13,apr,681,3,-1,0,unknown,no
25,student,single,secondary,no,1139,yes,no,unknown,15,may,22,3,-1,0,unknown,no
29,management,married,tertiary,no,-6,yes,no,unknown,9,may,324,1,-1,0,unknown,no
60,admin.,married,secondary,no,12980,no,no,cellular,5,mar,115,1,-1,0,unknown,yes
31,management,married,tertiary,no,1032,no,no,cellular,7,jul,284,1,-1,0,unknown,yes
60,retired,married,primary,no,566,no,yes,cellular,23,jul,423,1,-1,0,unknown,no
27,student,single,tertiary,no,3733,yes,no,cellular,22,may,198,1,98,6,success,yes
44,services,divorced,secondary,no,210,no,yes,unknown,12,may,111,2,-1,0,unknown,no
60,retired,married,secondary,no,8121,yes,yes,cellular,18,aug,98,7,-1,0,unknown,no
27,technician,single,tertiary,no,1075,no,no,cellular,2,mar,658,1,-1,0,unknown,yes
32,technician,married,secondary,no,963,no,no,cellular,28,aug,15,13,-1,0,unknown,no
27,student,single,secondary,no,213,no,no,cellular,27,mar,378,1,-1,0,unknown,yes
39,management,married,tertiary,no,1425,yes,no,cellular,12,may,775,3,-1,0,unknown,yes
39,management,married,secondary,no,363,yes,yes,cellular,17,jul,184,1,-1,0,unknown,no
41,entrepreneur,married,tertiary,no,221,yes,no,unknown,14,may,57,2,-1,0,unknown,no
29,services,married,secondary,no,191,yes,no,cellular,17,apr,87,1,-1,0,unknown,no
51,admin.,married,secondary,no,949,no,no,cellular,5,aug,1092,1,-1,0,unknown,yes
45,blue-collar,married,primary,no,789,no,yes,cellular,29,jan,79,1,-1,0,unknown,no
43,management,married,tertiary,no,1059,no,yes,cellular,1,jun,335,2,-1,0,unknown,yes
37,technician,single,secondary,no,3665,no,no,cellular,12,aug,664,3,-1,0,unknown,yes
54,management,married,tertiary,no,154,no,no,unknown,9,may,155,3,-1,0,unknown,no
33,technician,single,secondary,no,2583,no,no,cellular,25,may,241,1,108,1,failure,no
48,blue-collar,married,primary,no,5154,yes,no,unknown,14,may,70,1,-1,0,unknown,no
39,technician,single,secondary,no,556,yes,no,unknown,29,may,322,1,-1,0,unknown,no
28,blue-collar,single,secondary,no,455,yes,no,cellular,11,jul,166,1,-1,0,unknown,no
41,services,married,secondary,no,2399,yes,no,cellular,15,may,303,2,351,2,failure,no
44,blue-collar,married,primary,no,2657,yes,no,unknown,20,jun,202,2,-1,0,unknown,no
41,blue-collar,divorced,primary,no,0,no,no,cellular,30,jul,509,2,-1,0,unknown,yes
53,management,divorced,tertiary,no,2152,no,no,cellular,13,feb,75,3,-1,0,unknown,yes
34,management,married,tertiary,no,362,yes,no,unknown,30,may,38,3,-1,0,unknown,no
32,management,single,tertiary,no,10281,no,no,cellular,22,apr,400,1,-1,0,unknown,yes
58,services,married,secondary,no,688,no,no,cellular,6,aug,152,2,-1,0,unknown,no
44,admin.,married,tertiary,no,348,yes,yes,cellular,16,feb,170,2,-1,0,unknown,yes
29,admin.,single,secondary,no,306,yes,no,cellular,18,may,774,4,-1,0,unknown,yes
31,management,single,secondary,no,1310,yes,no,cellular,18,may,12,2,-1,0,unknown,no
25,student,single,unknown,no,1003,no,no,cellular,12,aug,361,1,-1,0,unknown,yes
32,blue-collar,married,secondary,no,130,yes,no,cellular,6,may,302,2,-1,0,unknown,no
51,blue-collar,married,secondary,no,4695,no,no,cellular,29,aug,8,10,-1,0,unknown,no
54,technician,married,primary,no,3067,yes,no,telephone,29,jul,222,3,-1,0,unknown,no
52,blue-collar,married,secondary,no,2230,no,no,cellular,29,oct,423,3,-1,0,unknown,yes
37,blue-collar,married,primary,no,0,yes,no,unknown,26,may,24,1,-1,0,unknown,no
33,services,divorced,secondary,yes,339,yes,no,unknown,23,may,496,4,-1,0,unknown,no
49,services,married,secondary,no,280,yes,no,telephone,14,jul,162,3,-1,0,unknown,no
53,technician,married,tertiary,no,395,no,no,cellular,29,oct,136,1,148,1,failure,yes
55,admin.,married,unknown,no,2038,no,no,cellular,9,apr,394,1,-1,0,unknown,yes
63,retired,married,secondary,no,1495,no,no,cellular,25,oct,389,1,195,4,other,yes
33,housemaid,married,primary,no,0,no,no,cellular,11,aug,237,2,-1,0,unknown,no
31,admin.,married,secondary,no,89,no,no,unknown,7,may,297,3,-1,0,unknown,no
33,management,married,secondary,no,3935,yes,no,cellular,6,may,765,1,342,2,failure,yes
32,management,married,tertiary,no,2431,yes,no,cellular,14,may,646,5,-1,0,unknown,yes
41,blue-collar,married,unknown,no,732,yes,no,unknown,16,may,25,1,-1,0,unknown,no
76,retired,divorced,primary,no,3049,no,no,cellular,24,mar,170,3,-1,0,unknown,yes
54,services,married,unknown,no,386,no,yes,cellular,19,nov,74,1,152,1,success,no
41,blue-collar,married,secondary,no,2413,no,no,unknown,16,jun,64,3,-1,0,unknown,no
29,admin.,single,secondary,no,1992,no,no,cellular,12,apr,119,2,-1,0,unknown,no
28,student,single,secondary,no,1925,no,no,cellular,26,feb,139,1,93,3,success,no
42,entrepreneur,married,secondary,no,1002,no,no,unknown,20,jun,109,3,-1,0,unknown,no
46,blue-collar,divorced,primary,no,2775,no,yes,cellular,8,jul,188,1,-1,0,unknown,no
60,management,married,tertiary,no,2222,yes,no,cellular,11,jul,1120,2,-1,0,unknown,yes
57,blue-collar,married,secondary,no,773,yes,yes,unknown,18,jun,97,8,-1,0,unknown,no
35,blue-collar,single,secondary,no,142,yes,no,cellular,7,may,266,2,168,1,failure,no
25,blue-collar,single,secondary,no,303,no,no,cellular,18,mar,265,1,-1,0,unknown,yes
34,admin.,married,tertiary,no,142,yes,no,cellular,13,may,459,1,-1,0,unknown,yes
54,blue-collar,married,secondary,no,1070,no,no,cellular,18,nov,373,4,-1,0,unknown,no
41,technician,married,secondary,no,188,no,yes,telephone,31,jul,15,25,-1,0,unknown,no
57,technician,married,secondary,no,950,yes,no,cellular,9,jul,1272,1,-1,0,unknown,no
34,entrepreneur,married,tertiary,no,1076,yes,no,cellular,5,feb,136,10,-1,0,unknown,yes
37,management,divorced,secondary,no,1655,yes,no,cellular,12,may,178,1,175,2,failure,no
49,technician,married,tertiary,no,523,yes,no,cellular,3,mar,152,2,-1,0,unknown,yes
41,technician,married,secondary,no,2990,yes,no,unknown,30,may,62,3,-1,0,unknown,no
31,management,single,tertiary,no,354,no,no,cellular,21,apr,242,2,-1,0,unknown,yes
27,technician,single,tertiary,no,401,no,no,cellular,6,aug,218,3,93,2,success,yes
35,technician,single,tertiary,no,122,no,no,cellular,20,apr,49,5,328,5,failure,no
42,blue-collar,married,secondary,no,414,yes,no,cellular,17,apr,400,3,-1,0,unknown,no
26,management,single,tertiary,no,1646,no,no,cellular,18,sep,890,5,-1,0,unknown,yes
34,blue-collar,divorced,secondary,no,0,yes,no,cellular,5,may,150,1,-1,0,unknown,no
32,technician,single,secondary,no,-114,no,no,cellular,12,aug,155,2,-1,0,unknown,no
26,technician,single,tertiary,no,-67,yes,no,cellular,15,may,637,1,-1,0,unknown,yes
30,management,married,tertiary,no,131,yes,no,cellular,11,aug,384,6,-1,0,unknown,yes
35,admin.,single,tertiary,no,994,no,no,cellular,30,apr,400,1,87,2,failure,yes
53,admin.,married,primary,no,228,yes,no,unknown,16,may,97,1,-1,0,unknown,no
37,blue-collar,married,secondary,no,509,yes,no,cellular,20,apr,172,1,-1,0,unknown,no
28,management,single,tertiary,no,80,no,no,cellular,20,oct,676,2,146,2,failure,yes
29,services,married,secondary,no,363,yes,no,cellular,15,may,164,1,-1,0,unknown,no
45,technician,married,secondary,no,999,yes,no,unknown,16,may,656,2,-1,0,unknown,no
41,entrepreneur,married,secondary,no,30,no,no,cellular,30,apr,460,1,-1,0,unknown,yes
52,management,married,tertiary,no,-970,yes,no,cellular,4,feb,489,1,-1,0,unknown,yes
39,technician,married,tertiary,no,11766,yes,no,cellular,14,aug,313,4,102,5,failure,no
30,technician,married,secondary,no,-393,yes,yes,cellular,16,jul,435,1,-1,0,unknown,yes
60,blue-collar,married,secondary,no,2879,yes,no,cellular,5,aug,122,1,-1,0,unknown,no
36,technician,married,tertiary,no,1354,no,no,cellular,7,sep,281,3,97,2,success,yes
34,admin.,divorced,secondary,no,-251,no,no,cellular,18,jul,641,1,-1,0,unknown,yes
60,blue-collar,married,secondary,no,19447,yes,no,telephone,9,jul,196,1,-1,0,unknown,no
33,management,married,tertiary,no,1808,yes,no,unknown,4,jun,99,4,-1,0,unknown,no
60,admin.,married,secondary,no,7336,no,no,cellular,31,mar,494,1,-1,0,unknown,no
59,unemployed,single,primary,no,7724,no,no,cellular,21,nov,373,3,-1,0,unknown,yes
38,services,married,secondary,no,4017,no,no,cellular,4,aug,470,1,96,3,success,yes
31,blue-collar,single,secondary,no,726,no,no,cellular,7,jul,719,2,-1,0,unknown,yes
54,management,married,secondary,no,2693,no,no,cellular,22,mar,222,1,188,6,other,yes
26,management,single,tertiary,no,1623,no,no,cellular,2,jun,479,1,-1,0,unknown,yes
29,admin.,single,tertiary,no,261,no,no,cellular,17,mar,136,19,-1,0,unknown,no
68,retired,married,primary,no,451,no,no,cellular,5,mar,373,1,-1,0,unknown,yes
39,admin.,divorced,secondary,no,1,no,yes,cellular,7,jul,281,1,-1,0,unknown,no
56,entrepreneur,married,tertiary,no,51439,no,yes,cellular,8,jul,325,1,-1,0,unknown,no
56,management,divorced,tertiary,no,382,no,no,cellular,19,nov,117,2,-1,0,unknown,no
32,admin.,single,secondary,no,131,yes,no,cellular,21,dec,322,1,189,1,success,yes
53,services,married,secondary,no,367,yes,yes,cellular,29,jan,155,1,261,2,failure,no
27,technician,single,secondary,no,16,no,no,unknown,19,may,193,1,-1,0,unknown,no
53,technician,married,primary,no,44,no,no,unknown,6,jun,256,1,-1,0,unknown,no
50,blue-collar,divorced,secondary,no,204,yes,yes,unknown,14,may,421,1,-1,0,unknown,no
42,technician,married,secondary,yes,-197,yes,no,cellular,6,aug,66,7,-1,0,unknown,no
34,technician,single,tertiary,no,2671,no,no,cellular,19,aug,119,9,-1,0,unknown,no
30,blue-collar,single,secondary,yes,239,yes,no,unknown,21,may,412,1,-1,0,unknown,yes
36,management,married,tertiary,no,495,no,no,cellular,12,mar,213,3,182,6,success,yes
53,services,divorced,primary,no,778,yes,no,cellular,17,apr,221,2,-1,0,unknown,no
42,management,married,tertiary,no,36,no,no,cellular,21,nov,664,3,-1,0,unknown,yes
38,technician,single,secondary,no,1685,yes,no,unknown,5,may,185,1,-1,0,unknown,no
26,management,single,tertiary,no,3,yes,no,cellular,23,jul,106,1,-1,0,unknown,no
47,technician,divorced,secondary,no,440,no,no,cellular,29,jan,147,1,-1,0,unknown,no
56,retired,divorced,tertiary,no,13094,no,no,cellular,25,may,1064,1,-1,0,unknown,yes
39,admin.,single,unknown,no,0,yes,no,cellular,11,may,62,1,-1,0,unknown,no
28,technician,single,secondary,no,313,no,no,cellular,9,feb,1183,2,-1,0,unknown,yes
38,technician,divorced,secondary,no,1294,yes,no,unknown,29,may,565,1,-1,0,unknown,no
53,services,divorced,primary,no,-291,yes,yes,unknown,7,may,591,1,-1,0,unknown,yes
48,admin.,married,secondary,no,2235,yes,yes,unknown,15,may,755,2,-1,0,unknown,no
44,technician,married,secondary,no,135,yes,no,cellular,8,may,262,3,-1,0,unknown,no
36,services,married,unknown,no,618,no,no,cellular,13,jul,360,1,335,2,success,yes
34,technician,single,tertiary,no,184,yes,no,cellular,30,jul,87,3,-1,0,unknown,no
48,management,divorced,secondary,no,17,yes,no,cellular,17,nov,195,1,-1,0,unknown,no
38,management,married,tertiary,no,1722,yes,no,cellular,10,jul,500,1,-1,0,unknown,yes
26,management,single,tertiary,no,222,no,no,cellular,28,jun,247,1,63,2,success,yes
25,services,single,secondary,no,1119,yes,no,cellular,18,may,1063,1,-1,0,unknown,yes
60,admin.,divorced,secondary,no,4519,no,no,cellular,2,feb,152,1,-1,0,unknown,no
39,technician,married,secondary,no,211,no,no,telephone,6,feb,53,2,-1,0,unknown,no
34,management,married,tertiary,no,158,no,no,cellular,9,mar,212,3,181,6,success,yes
30,blue-collar,married,primary,no,5,no,no,cellular,23,dec,282,1,203,1,success,yes
48,management,married,tertiary,no,1949,yes,no,unknown,13,may,683,2,-1,0,unknown,yes
55,technician,married,unknown,no,574,yes,no,cellular,29,jan,243,2,-1,0,unknown,no
30,management,single,secondary,no,1299,no,no,cellular,14,aug,515,2,-1,0,unknown,no
57,retired,married,primary,no,9367,no,no,cellular,11,feb,981,1,90,6,success,yes
38,management,single,tertiary,no,8669,yes,no,telephone,20,apr,5,3,150,6,failure,no
27,management,single,tertiary,no,6791,no,no,telephone,22,mar,174,2,229,28,success,no
52,management,divorced,primary,no,92,no,yes,cellular,16,jul,469,7,-1,0,unknown,no
60,technician,divorced,secondary,no,-50,no,no,cellular,28,aug,433,12,-1,0,unknown,no
47,unemployed,married,secondary,no,312,no,no,cellular,29,jul,884,1,-1,0,unknown,yes
38,management,married,unknown,no,3576,no,no,cellular,25,nov,349,2,183,1,success,yes
29,blue-collar,married,secondary,no,-565,yes,no,unknown,18,jun,164,3,-1,0,unknown,no
37,management,married,tertiary,no,1276,no,no,cellular,16,nov,146,1,94,2,success,yes
22,services,single,secondary,no,129,no,no,cellular,16,oct,258,1,-1,0,unknown,yes
33,unemployed,single,tertiary,no,157,yes,no,unknown,26,may,897,5,-1,0,unknown,no
52,technician,married,secondary,no,475,yes,no,cellular,28,jul,121,3,-1,0,unknown,no
37,services,single,secondary,no,278,yes,no,unknown,3,jun,1045,3,-1,0,unknown,yes
36,technician,married,secondary,no,1466,yes,no,unknown,29,may,441,1,-1,0,unknown,no
31,technician,single,secondary,no,205,yes,no,unknown,3,jun,342,2,-1,0,unknown,no
33,management,single,tertiary,no,1304,yes,no,cellular,18,may,536,2,-1,0,unknown,yes
43,entrepreneur,married,secondary,no,104,yes,no,cellular,18,jul,635,3,-1,0,unknown,yes
28,unemployed,single,primary,no,236,no,no,cellular,4,may,193,1,87,3,failure,yes
44,technician,divorced,secondary,no,14,no,no,cellular,13,aug,234,1,-1,0,unknown,yes
56,admin.,married,secondary,no,45,no,no,unknown,5,may,1467,1,-1,0,unknown,yes
28,blue-collar,single,secondary,no,759,yes,no,unknown,9,may,710,1,-1,0,unknown,yes
32,admin.,single,tertiary,no,272,yes,no,cellular,7,oct,73,2,-1,0,unknown,no
31,admin.,married,secondary,no,3540,yes,no,cellular,21,nov,441,1,-1,0,unknown,no
34,blue-collar,married,secondary,no,113,yes,no,cellular,13,may,16,2,-1,0,unknown,no
52,housemaid,married,primary,no,3798,yes,no,cellular,17,jul,1208,1,-1,0,unknown,yes
52,blue-collar,married,secondary,no,955,no,yes,cellular,3,feb,153,1,48,3,success,yes
40,services,single,secondary,no,573,yes,no,cellular,14,may,329,1,-1,0,unknown,no
38,services,divorced,primary,no,92,yes,yes,unknown,29,may,118,3,-1,0,unknown,no
86,retired,married,primary,no,1255,no,no,telephone,14,jul,247,1,180,3,success,yes
44,unemployed,married,secondary,yes,-505,yes,no,unknown,3,jun,113,11,-1,0,unknown,no
41,blue-collar,married,secondary,no,449,yes,yes,cellular,12,may,313,2,-1,0,unknown,no
41,blue-collar,married,secondary,no,193,yes,no,unknown,29,may,130,1,-1,0,unknown,no
53,housemaid,married,secondary,no,1182,yes,no,cellular,7,sep,82,1,293,1,failure,no
43,unknown,married,primary,no,2113,no,no,cellular,29,jul,33,2,-1,0,unknown,no
43,management,divorced,tertiary,no,1133,yes,no,cellular,5,may,131,1,-1,0,unknown,no
29,management,single,secondary,no,3317,no,yes,telephone,4,may,640,7,-1,0,unknown,yes
47,technician,married,tertiary,no,4568,no,no,unknown,9,jun,100,1,-1,0,unknown,no
48,admin.,married,primary,no,3644,yes,yes,telephone,31,jul,1039,9,-1,0,unknown,yes
43,admin.,married,secondary,no,506,no,no,unknown,20,jun,398,1,-1,0,unknown,no
35,technician,single,secondary,no,27,yes,no,cellular,25,may,214,1,305,1,other,yes
24,student,single,secondary,no,4126,no,no,cellular,5,apr,907,4,185,7,failure,yes
59,management,divorced,tertiary,no,893,yes,no,cellular,16,apr,206,4,-1,0,unknown,no
50,management,married,tertiary,no,-151,yes,no,cellular,18,nov,63,2,-1,0,unknown,no
39,management,married,tertiary,no,45,no,no,cellular,28,aug,148,4,-1,0,unknown,no
56,management,married,primary,no,0,no,no,cellular,3,feb,996,1,-1,0,unknown,yes
30,admin.,married,secondary,no,873,yes,no,unknown,29,may,792,3,-1,0,unknown,yes
46,technician,divorced,secondary,no,-90,no,yes,telephone,17,oct,270,1,-1,0,unknown,yes
40,technician,divorced,tertiary,no,0,no,no,unknown,17,jun,522,1,-1,0,unknown,yes
45,admin.,married,secondary,no,153,no,no,cellular,5,aug,277,1,-1,0,unknown,yes
49,management,married,tertiary,no,1167,yes,yes,cellular,25,jun,213,6,150,8,failure,yes
32,management,married,tertiary,no,1388,yes,no,cellular,30,apr,753,1,-1,0,unknown,yes
28,blue-collar,single,secondary,no,-193,no,no,cellular,18,jul,580,7,-1,0,unknown,no
26,technician,single,tertiary,no,4130,no,no,cellular,28,jan,104,2,-1,0,unknown,no
33,admin.,single,tertiary,no,475,yes,no,cellular,7,may,1046,1,-1,0,unknown,yes
35,management,married,secondary,no,97,yes,no,unknown,29,may,135,4,-1,0,unknown,no
40,blue-collar,divorced,secondary,no,0,yes,no,unknown,6,may,121,2,-1,0,unknown,no
32,technician,single,secondary,no,230,yes,no,cellular,18,may,442,1,266,8,failure,yes
31,blue-collar,married,secondary,no,505,yes,no,cellular,17,apr,218,4,329,2,other,no
35,technician,married,secondary,no,249,no,no,cellular,21,aug,205,8,-1,0,unknown,no
27,blue-collar,single,secondary,no,535,no,no,cellular,16,aug,265,3,95,4,success,yes
30,management,married,tertiary,no,944,no,no,cellular,29,oct,251,2,-1,0,unknown,yes
43,technician,divorced,primary,no,13,no,yes,cellular,9,jul,977,4,-1,0,unknown,no
36,management,married,tertiary,no,93,no,no,cellular,12,jul,262,2,182,7,failure,yes
41,blue-collar,married,secondary,no,97,no,yes,cellular,8,jul,212,2,-1,0,unknown,no
49,admin.,married,secondary,no,0,no,no,cellular,30,apr,551,1,-1,0,unknown,yes
46,self-employed,single,secondary,no,526,no,no,cellular,30,apr,523,1,87,2,other,yes
25,technician,single,tertiary,no,800,yes,no,unknown,13,may,151,4,-1,0,unknown,no
40,technician,married,tertiary,no,1034,yes,no,cellular,18,may,368,2,-1,0,unknown,no
26,self-employed,single,secondary,no,551,no,no,cellular,8,jul,531,1,-1,0,unknown,yes
61,retired,married,tertiary,no,2557,yes,no,cellular,10,feb,158,2,92,5,success,yes
58,technician,married,secondary,no,116,no,no,unknown,16,jun,580,3,-1,0,unknown,no
28,housemaid,single,tertiary,no,19,no,no,cellular,17,apr,149,1,-1,0,unknown,yes
33,management,divorced,tertiary,no,2240,no,no,cellular,8,mar,264,2,278,1,success,yes
45,services,single,secondary,no,1515,no,no,unknown,20,jun,14,4,-1,0,unknown,no
28,unemployed,single,secondary,yes,-353,yes,no,unknown,12,may,89,3,-1,0,unknown,no
77,management,married,unknown,no,1780,yes,no,cellular,23,oct,221,2,183,3,success,yes
50,housemaid,married,secondary,no,388,no,no,cellular,15,sep,173,2,99,4,failure,yes
41,blue-collar,married,secondary,no,213,yes,no,unknown,8,may,10,2,-1,0,unknown,no
31,management,single,tertiary,no,98,no,no,cellular,11,aug,69,2,-1,0,unknown,no
39,entrepreneur,married,secondary,no,2139,yes,no,cellular,15,may,576,4,371,1,failure,yes
49,blue-collar,married,primary,no,6215,yes,no,cellular,11,may,549,1,-1,0,unknown,no
29,services,divorced,secondary,no,-7,yes,no,cellular,13,may,1279,3,-1,0,unknown,yes
32,admin.,single,tertiary,no,328,yes,yes,unknown,26,jun,271,1,-1,0,unknown,no
32,entrepreneur,married,secondary,no,390,no,no,cellular,6,sep,440,1,280,1,failure,yes
30,student,single,tertiary,no,3300,no,no,cellular,21,nov,1571,1,-1,0,unknown,yes
35,services,married,unknown,no,618,no,no,cellular,30,apr,951,1,-1,0,unknown,yes
25,student,single,secondary,no,679,no,no,cellular,25,oct,297,5,94,6,other,yes
30,technician,married,secondary,no,590,yes,no,unknown,23,may,242,3,-1,0,unknown,no
34,blue-collar,married,secondary,no,2308,yes,no,unknown,7,may,1062,1,-1,0,unknown,no
59,housemaid,divorced,primary,no,2518,no,no,cellular,30,jul,675,3,-1,0,unknown,yes
45,management,divorced,secondary,no,644,yes,no,cellular,19,nov,418,1,168,1,success,yes
27,admin.,single,secondary,no,261,yes,yes,cellular,3,jun,592,4,-1,0,unknown,yes
25,services,single,secondary,no,505,no,no,cellular,15,jun,284,1,-1,0,unknown,yes
61,management,married,tertiary,no,3371,no,no,cellular,28,sep,299,2,-1,0,unknown,yes
34,management,married,secondary,no,-311,yes,no,unknown,27,may,305,2,-1,0,unknown,no
73,retired,divorced,tertiary,no,3203,no,no,cellular,20,apr,148,1,-1,0,unknown,yes
43,blue-collar,married,secondary,no,917,yes,no,cellular,8,may,87,2,-1,0,unknown,no
33,services,divorced,secondary,no,2411,yes,no,cellular,23,oct,130,1,161,1,failure,yes
28,blue-collar,married,secondary,no,1238,yes,no,unknown,14,may,246,1,-1,0,unknown,no
51,housemaid,married,primary,no,289,no,no,unknown,14,may,97,5,-1,0,unknown,no
31,self-employed,married,tertiary,no,414,no,no,cellular,14,aug,169,5,-1,0,unknown,no
53,management,married,tertiary,no,3591,yes,no,cellular,5,aug,306,2,181,2,other,yes
51,self-employed,single,secondary,no,0,no,no,cellular,29,oct,1707,2,-1,0,unknown,yes
30,admin.,single,secondary,no,270,no,no,cellular,9,feb,123,1,-1,0,unknown,yes
32,management,single,tertiary,no,2667,yes,no,cellular,12,aug,971,2,-1,0,unknown,yes
30,management,married,secondary,no,850,no,no,cellular,12,aug,507,2,-1,0,unknown,yes
45,blue-collar,married,secondary,no,0,no,no,cellular,30,jul,25,2,-1,0,unknown,no
31,admin.,single,secondary,no,-422,yes,no,cellular,18,may,64,2,329,15,other,no
33,services,married,primary,no,6904,no,no,telephone,20,nov,114,2,-1,0,unknown,no
33,student,single,unknown,no,5969,no,no,cellular,30,apr,110,1,83,7,failure,no
32,management,single,tertiary,no,1434,no,no,cellular,11,aug,1144,3,-1,0,unknown,no
38,admin.,married,secondary,no,46,no,no,cellular,7,aug,48,2,-1,0,unknown,no
30,services,single,secondary,no,-143,yes,no,cellular,15,may,85,1,-1,0,unknown,no
30,self-employed,single,tertiary,no,655,no,no,cellular,23,sep,272,4,184,1,success,yes
51,technician,married,secondary,no,52,no,no,cellular,13,aug,114,2,-1,0,unknown,no
38,student,divorced,tertiary,no,2946,no,no,cellular,16,jun,605,3,-1,0,unknown,yes
45,unknown,divorced,unknown,no,0,no,no,cellular,21,apr,278,3,-1,0,unknown,yes
31,admin.,single,secondary,no,190,no,no,cellular,30,apr,514,1,-1,0,unknown,yes
28,management,single,tertiary,no,957,no,no,cellular,25,may,915,2,-1,0,unknown,yes
33,technician,married,secondary,no,3071,yes,yes,cellular,21,jul,323,1,-1,0,unknown,no
47,technician,married,secondary,no,293,no,no,cellular,1,jun,251,1,90,1,success,yes
21,student,single,secondary,no,216,no,no,cellular,5,aug,414,1,-1,0,unknown,yes
28,admin.,married,secondary,no,330,no,no,cellular,2,dec,357,1,188,3,other,yes
44,entrepreneur,married,secondary,no,692,no,no,unknown,18,jun,73,4,-1,0,unknown,no
34,management,married,tertiary,no,3031,no,no,cellular,14,aug,94,6,-1,0,unknown,no
21,entrepreneur,single,tertiary,no,2077,no,no,cellular,5,aug,323,1,-1,0,unknown,yes
29,blue-collar,married,secondary,no,-493,yes,no,cellular,18,may,536,2,334,4,failure,yes
34,blue-collar,married,secondary,no,634,no,yes,cellular,12,may,737,3,-1,0,unknown,yes
61,retired,married,secondary,no,86,no,no,cellular,25,jan,639,1,94,1,success,yes
55,management,married,primary,no,384,no,no,telephone,4,feb,75,1,-1,0,unknown,no
37,management,married,tertiary,no,0,yes,no,cellular,23,apr,242,5,153,7,failure,yes
34,management,married,tertiary,no,2287,yes,no,unknown,26,may,895,4,-1,0,unknown,yes
26,blue-collar,married,secondary,no,557,yes,yes,unknown,27,may,282,2,-1,0,unknown,no
30,management,single,tertiary,no,536,no,no,cellular,15,oct,244,1,105,1,success,yes
35,services,married,tertiary,no,4564,no,no,cellular,18,aug,45,6,-1,0,unknown,no
32,technician,married,secondary,no,696,yes,no,unknown,2,jun,815,1,-1,0,unknown,yes
47,management,single,tertiary,no,86,no,no,cellular,30,apr,387,3,87,1,success,yes
53,entrepreneur,married,tertiary,no,1961,no,no,cellular,15,dec,351,1,-1,0,unknown,yes
40,blue-collar,married,primary,no,665,yes,no,cellular,9,jul,781,1,-1,0,unknown,yes
54,technician,single,secondary,no,198,yes,yes,cellular,17,nov,120,1,171,2,failure,no
28,management,single,tertiary,no,890,yes,no,cellular,7,sep,201,1,-1,0,unknown,yes
31,services,married,primary,no,997,yes,no,cellular,3,feb,256,1,190,3,failure,no
60,blue-collar,divorced,secondary,no,0,yes,no,unknown,29,may,1207,1,-1,0,unknown,yes
44,management,married,tertiary,no,1058,no,no,cellular,11,mar,188,3,-1,0,unknown,yes
40,housemaid,married,primary,no,0,no,no,cellular,28,aug,16,20,-1,0,unknown,no
92,retired,married,unknown,no,775,no,no,cellular,22,oct,313,3,-1,0,unknown,yes
47,admin.,single,primary,no,683,no,no,cellular,20,nov,101,1,-1,0,unknown,no
26,technician,single,tertiary,no,1066,no,no,cellular,15,apr,200,1,-1,0,unknown,yes
45,services,divorced,secondary,no,0,yes,yes,cellular,21,nov,173,1,192,1,failure,no
25,unemployed,single,tertiary,no,343,no,no,cellular,1,jun,377,1,-1,0,unknown,yes
38,management,married,tertiary,no,2656,no,no,cellular,8,jul,230,2,-1,0,unknown,no
36,entrepreneur,single,secondary,no,866,yes,no,cellular,11,may,629,1,173,1,failure,yes
46,management,divorced,tertiary,no,2166,yes,no,cellular,23,jul,870,1,-1,0,unknown,yes
35,unemployed,married,secondary,yes,1054,yes,yes,cellular,21,nov,106,1,-1,0,unknown,no
33,blue-collar,married,tertiary,no,870,no,yes,cellular,8,jul,545,3,-1,0,unknown,no
26,blue-collar,divorced,secondary,no,0,yes,no,unknown,19,may,48,3,-1,0,unknown,no
61,self-employed,divorced,tertiary,no,6610,no,no,cellular,24,feb,481,2,-1,0,unknown,yes
30,student,single,tertiary,no,31,yes,no,cellular,14,may,23,1,-1,0,unknown,no
31,admin.,single,tertiary,no,-218,yes,no,unknown,2,jun,227,15,-1,0,unknown,no
59,management,married,tertiary,yes,782,no,yes,cellular,13,aug,127,2,-1,0,unknown,no
36,management,single,tertiary,no,62,yes,no,cellular,3,nov,566,1,182,7,failure,yes
23,blue-collar,single,secondary,no,0,yes,no,cellular,8,may,6,5,350,2,failure,no
25,student,single,unknown,no,722,no,no,telephone,21,apr,623,2,-1,0,unknown,yes
27,blue-collar,married,secondary,no,4333,no,no,cellular,20,apr,163,1,-1,0,unknown,yes
37,management,single,tertiary,no,240,no,no,unknown,5,jun,1123,1,-1,0,unknown,yes
33,self-employed,single,tertiary,no,658,yes,no,cellular,21,oct,307,1,208,1,success,yes
47,blue-collar,married,secondary,no,820,no,no,cellular,19,oct,98,1,-1,0,unknown,yes
29,management,married,tertiary,no,8103,no,no,cellular,28,may,473,3,-1,0,unknown,yes
33,technician,married,secondary,no,133,no,no,cellular,12,nov,627,2,192,1,success,yes
51,technician,married,tertiary,no,0,no,no,telephone,17,nov,81,1,-1,0,unknown,no
46,entrepreneur,married,secondary,no,131,yes,no,cellular,20,apr,69,2,-1,0,unknown,no
74,retired,married,tertiary,no,4912,no,no,telephone,21,oct,129,3,-1,0,unknown,no
29,blue-collar,single,tertiary,no,455,no,no,telephone,27,may,214,2,36,1,success,yes
60,retired,married,secondary,no,8332,no,no,cellular,16,mar,279,1,194,7,other,yes
32,management,married,secondary,no,134,yes,yes,cellular,15,may,532,3,-1,0,unknown,yes
60,management,married,tertiary,no,3387,no,no,cellular,14,aug,636,2,-1,0,unknown,no
45,admin.,married,secondary,no,149,yes,no,unknown,23,may,893,3,-1,0,unknown,yes
33,services,married,secondary,no,210,yes,no,cellular,13,may,1207,2,-1,0,unknown,yes
37,management,married,tertiary,no,5106,no,no,cellular,30,apr,244,1,-1,0,unknown,yes
52,admin.,divorced,secondary,no,363,yes,no,cellular,21,aug,168,1,462,1,success,yes
55,unemployed,divorced,secondary,no,309,no,no,cellular,20,apr,167,1,181,3,success,yes
31,management,single,tertiary,no,1308,no,no,cellular,22,aug,323,3,-1,0,unknown,no
37,admin.,single,secondary,no,1097,yes,no,cellular,21,nov,1555,2,-1,0,unknown,yes
31,admin.,single,secondary,no,779,yes,yes,cellular,3,apr,219,2,-1,0,unknown,no
26,student,single,tertiary,no,10086,no,no,cellular,21,apr,110,2,-1,0,unknown,yes
50,technician,married,primary,no,570,no,no,unknown,20,jun,21,3,-1,0,unknown,no
63,retired,married,secondary,no,474,no,no,cellular,25,jan,423,1,-1,0,unknown,yes
40,services,married,secondary,no,446,yes,no,unknown,16,may,1252,1,-1,0,unknown,yes
38,admin.,single,secondary,no,2600,yes,no,cellular,19,nov,67,1,-1,0,unknown,no
52,management,married,secondary,no,173,no,no,unknown,23,may,48,5,-1,0,unknown,no
39,technician,married,primary,no,2118,yes,no,cellular,17,apr,266,2,-1,0,unknown,no
28,services,single,secondary,no,458,no,no,cellular,4,feb,112,4,201,3,failure,no
53,blue-collar,married,secondary,no,3079,no,no,cellular,5,apr,759,1,-1,0,unknown,no
43,management,married,tertiary,no,8,no,no,cellular,11,aug,95,4,-1,0,unknown,no
33,management,married,secondary,no,333,no,no,cellular,28,aug,80,6,-1,0,unknown,no
42,blue-collar,married,secondary,no,349,yes,no,cellular,7,apr,226,2,-1,0,unknown,no
51,entrepreneur,married,primary,no,726,yes,yes,cellular,15,apr,87,2,-1,0,unknown,no
62,management,married,tertiary,no,0,no,no,cellular,13,apr,113,3,182,3,failure,no
53,blue-collar,divorced,primary,no,4222,no,no,unknown,9,jun,112,1,-1,0,unknown,no
26,entrepreneur,single,secondary,no,101,yes,no,cellular,5,feb,810,1,268,1,failure,yes
32,technician,single,secondary,no,540,no,yes,cellular,29,jan,750,1,-1,0,unknown,yes
36,self-employed,married,secondary,no,1245,yes,no,unknown,6,jun,1469,9,-1,0,unknown,yes
48,unemployed,married,secondary,no,926,no,no,cellular,12,aug,504,2,178,10,success,yes
30,technician,married,secondary,no,2278,no,yes,telephone,19,nov,47,1,-1,0,unknown,no
28,technician,single,secondary,no,2000,no,no,telephone,3,feb,226,2,-1,0,unknown,no
30,blue-collar,single,primary,no,253,yes,no,cellular,5,may,259,1,-1,0,unknown,yes
35,entrepreneur,married,secondary,no,2971,no,no,cellular,4,may,429,4,164,2,failure,yes
36,management,single,unknown,no,62,no,no,cellular,13,apr,398,2,-1,0,unknown,yes
39,management,single,tertiary,no,1515,yes,no,cellular,4,may,815,6,167,6,failure,yes
31,blue-collar,married,secondary,no,152,yes,yes,cellular,8,jul,831,1,-1,0,unknown,yes
60,services,divorced,secondary,no,758,no,no,cellular,3,feb,282,1,-1,0,unknown,no
39,technician,married,secondary,no,-1451,yes,yes,cellular,30,jul,65,5,-1,0,unknown,no
24,blue-collar,single,secondary,no,-398,yes,no,cellular,18,may,14,3,355,4,other,no
37,technician,married,secondary,no,1580,no,no,cellular,22,aug,92,12,-1,0,unknown,no
49,self-employed,married,secondary,no,2061,yes,yes,unknown,30,may,137,3,-1,0,unknown,no
30,admin.,single,secondary,no,127,yes,no,cellular,18,may,16,6,368,1,other,no
30,technician,single,secondary,no,816,yes,no,unknown,14,nov,179,1,-1,0,unknown,yes
41,services,married,unknown,no,88,yes,no,cellular,11,may,105,1,336,2,failure,no
55,technician,married,tertiary,no,169,no,yes,cellular,5,aug,618,2,-1,0,unknown,yes
38,services,single,tertiary,no,1222,yes,no,unknown,5,jun,237,2,-1,0,unknown,no
37,management,married,tertiary,no,11265,no,no,unknown,18,jun,417,1,-1,0,unknown,no
32,technician,single,tertiary,no,127,yes,no,cellular,27,aug,20,17,-1,0,unknown,no
49,entrepreneur,divorced,unknown,yes,-701,yes,no,cellular,30,jul,988,2,-1,0,unknown,yes
49,services,married,primary,no,1830,yes,no,cellular,13,aug,261,1,179,1,success,yes
53,admin.,married,secondary,no,109,no,no,telephone,2,jun,270,1,-1,0,unknown,yes
42,blue-collar,married,primary,no,402,no,no,cellular,13,may,31,7,330,17,failure,no
30,admin.,married,secondary,no,46,yes,no,unknown,6,may,114,2,-1,0,unknown,no
27,entrepreneur,married,secondary,no,97,yes,yes,cellular,18,may,13,3,-1,0,unknown,no
38,admin.,married,tertiary,no,4297,no,no,cellular,7,aug,206,2,-1,0,unknown,yes
34,housemaid,married,tertiary,no,11219,no,no,cellular,25,may,112,1,-1,0,unknown,no
31,blue-collar,married,secondary,no,604,yes,no,cellular,18,nov,394,2,-1,0,unknown,no
48,management,married,tertiary,no,308,yes,no,cellular,14,jul,125,5,-1,0,unknown,no
38,technician,married,secondary,no,728,yes,no,cellular,18,nov,286,1,181,2,other,no
59,unemployed,married,secondary,no,1625,no,no,cellular,4,aug,198,1,180,2,success,yes
29,admin.,married,secondary,no,7707,yes,no,cellular,29,apr,961,2,334,2,failure,yes
35,admin.,divorced,secondary,no,0,no,no,cellular,30,jul,186,6,-1,0,unknown,no
60,retired,married,primary,no,414,no,no,unknown,8,may,395,1,-1,0,unknown,no
42,blue-collar,married,primary,no,-67,yes,no,unknown,9,may,128,1,-1,0,unknown,no
40,unemployed,married,secondary,no,1077,yes,yes,cellular,17,nov,148,2,-1,0,unknown,no
49,management,single,tertiary,no,5689,no,no,cellular,31,aug,470,1,97,3,failure,yes
53,entrepreneur,single,secondary,no,62,yes,no,unknown,30,may,1044,5,-1,0,unknown,yes
34,self-employed,single,tertiary,no,1943,yes,no,cellular,16,apr,478,2,-1,0,unknown,no
43,admin.,married,secondary,yes,-204,yes,no,unknown,26,may,163,2,-1,0,unknown,no
51,self-employed,married,unknown,no,2094,no,no,cellular,8,jun,458,6,-1,0,unknown,yes
32,blue-collar,married,secondary,no,-325,yes,yes,unknown,21,may,171,1,-1,0,unknown,no
39,management,single,secondary,no,120,no,no,unknown,12,jun,66,1,-1,0,unknown,no
46,admin.,married,primary,no,469,yes,no,cellular,2,feb,75,1,264,10,other,no
39,technician,single,tertiary,no,861,no,no,unknown,20,jun,32,5,-1,0,unknown,no
41,management,single,tertiary,no,0,no,no,cellular,7,aug,91,2,-1,0,unknown,no
26,student,single,tertiary,no,294,no,no,cellular,5,mar,87,1,91,2,success,yes
42,unemployed,divorced,secondary,no,759,no,no,cellular,28,jan,97,1,169,3,failure,no
37,management,single,tertiary,no,1730,no,no,cellular,19,mar,167,1,-1,0,unknown,yes
41,technician,married,secondary,no,-274,yes,no,unknown,27,may,182,3,-1,0,unknown,no
28,management,single,tertiary,no,1086,yes,no,unknown,29,may,128,2,-1,0,unknown,no
24,blue-collar,married,secondary,no,-389,yes,yes,unknown,4,jun,1242,1,-1,0,unknown,yes
60,management,single,tertiary,no,560,no,no,cellular,15,may,730,5,-1,0,unknown,yes
61,admin.,married,unknown,no,4629,yes,no,cellular,29,jul,349,3,183,2,success,yes
46,technician,divorced,secondary,no,3455,yes,no,unknown,14,may,566,2,-1,0,unknown,no
61,management,married,tertiary,no,6016,no,no,cellular,2,feb,670,3,-1,0,unknown,yes
31,management,single,tertiary,no,2907,yes,no,cellular,12,jul,248,1,194,3,failure,yes
43,management,divorced,tertiary,no,2367,no,no,cellular,22,sep,83,1,113,3,success,yes
50,management,single,tertiary,no,1200,no,no,cellular,14,aug,904,3,-1,0,unknown,yes
49,management,married,primary,no,3371,no,no,cellular,11,nov,269,2,-1,0,unknown,yes
24,services,married,secondary,no,4500,yes,no,cellular,11,may,733,2,-1,0,unknown,yes
33,student,married,secondary,no,1536,no,no,cellular,9,nov,262,1,94,2,success,yes
33,housemaid,married,primary,no,2054,no,no,cellular,25,aug,472,6,-1,0,unknown,yes
53,unemployed,divorced,secondary,no,587,no,no,cellular,19,nov,561,1,-1,0,unknown,yes
35,management,divorced,tertiary,no,1723,yes,no,cellular,25,jul,862,1,-1,0,unknown,yes
37,blue-collar,married,secondary,no,342,yes,no,cellular,12,may,340,2,175,1,failure,no
30,management,married,tertiary,no,-27,yes,no,unknown,27,may,29,2,-1,0,unknown,no
30,management,single,tertiary,no,218,no,no,unknown,3,jun,75,1,-1,0,unknown,no
55,retired,married,secondary,no,102,yes,no,unknown,7,may,74,1,-1,0,unknown,no
29,admin.,single,secondary,no,260,yes,no,cellular,4,feb,453,2,273,2,failure,no
72,retired,married,secondary,no,0,no,no,cellular,29,oct,189,3,-1,0,unknown,yes
33,technician,single,tertiary,no,258,no,no,cellular,12,mar,80,4,-1,0,unknown,yes
37,unemployed,single,secondary,no,381,yes,no,unknown,8,may,985,2,-1,0,unknown,yes
49,blue-collar,married,primary,no,361,yes,no,unknown,16,jun,513,2,-1,0,unknown,yes
30,services,married,secondary,no,129,yes,no,unknown,26,may,1446,7,-1,0,unknown,yes
29,blue-collar,single,secondary,no,2891,yes,no,cellular,7,may,293,1,-1,0,unknown,no
55,management,married,tertiary,no,73,yes,no,unknown,5,may,142,2,-1,0,unknown,no
58,management,married,tertiary,no,4152,yes,no,telephone,14,nov,160,1,-1,0,unknown,yes
32,technician,single,secondary,no,3297,no,no,cellular,11,aug,99,2,-1,0,unknown,no
34,technician,married,primary,no,1301,no,no,cellular,2,feb,56,1,-1,0,unknown,no
30,technician,single,secondary,no,54,no,no,cellular,11,aug,194,2,-1,0,unknown,no
27,blue-collar,single,secondary,no,294,yes,yes,unknown,28,may,694,2,-1,0,unknown,yes
36,blue-collar,married,primary,no,-20,yes,no,unknown,7,may,353,3,-1,0,unknown,no
51,housemaid,married,unknown,no,2337,yes,no,cellular,27,may,133,2,41,5,success,no
50,technician,married,tertiary,no,247,no,no,unknown,23,may,173,1,-1,0,unknown,no
37,blue-collar,married,secondary,no,740,yes,no,cellular,7,may,434,3,342,2,failure,no
31,self-employed,married,tertiary,no,229,no,no,cellular,29,jan,184,1,-1,0,unknown,no
39,management,married,tertiary,no,297,yes,no,cellular,13,may,734,2,-1,0,unknown,yes
37,admin.,single,primary,no,912,yes,no,cellular,12,may,637,3,328,22,other,yes
25,admin.,married,secondary,no,894,yes,no,unknown,28,may,328,1,-1,0,unknown,no
37,blue-collar,married,secondary,no,0,yes,no,cellular,2,apr,473,1,-1,0,unknown,no
33,admin.,married,secondary,no,51,yes,yes,cellular,25,oct,253,1,284,3,success,yes
46,admin.,married,secondary,no,660,no,no,cellular,6,aug,740,2,-1,0,unknown,yes
49,blue-collar,married,primary,no,247,no,yes,cellular,22,jul,283,1,-1,0,unknown,no
29,blue-collar,single,tertiary,no,98,no,no,cellular,10,aug,170,2,-1,0,unknown,no
36,technician,single,secondary,no,376,no,no,cellular,13,aug,479,1,-1,0,unknown,yes
42,services,married,tertiary,no,12223,yes,no,cellular,19,nov,36,1,-1,0,unknown,no
31,student,single,tertiary,no,4951,no,no,cellular,28,jun,150,3,-1,0,unknown,no
30,management,married,tertiary,no,1390,no,no,cellular,20,aug,552,4,-1,0,unknown,no
40,blue-collar,married,primary,no,0,no,no,cellular,24,jul,313,1,-1,0,unknown,no
57,management,married,unknown,no,0,no,no,cellular,30,sep,585,1,-1,0,unknown,no
40,blue-collar,married,primary,no,34,yes,no,cellular,6,may,350,2,344,1,failure,no
30,management,single,tertiary,no,398,no,no,cellular,30,apr,554,1,6,2,success,yes
43,technician,divorced,secondary,no,-36,yes,no,cellular,17,nov,190,1,104,1,failure,no
24,management,single,tertiary,no,393,no,no,cellular,27,sep,1298,1,-1,0,unknown,yes
31,unemployed,single,tertiary,no,140,yes,no,telephone,7,may,11,2,-1,0,unknown,no
29,management,married,tertiary,no,16,yes,no,cellular,16,jul,605,6,-1,0,unknown,no
28,admin.,single,secondary,no,2290,yes,no,cellular,18,may,2301,1,-1,0,unknown,yes
51,entrepreneur,married,secondary,no,-799,no,yes,cellular,15,jul,1001,3,-1,0,unknown,yes
38,management,married,tertiary,no,1875,no,no,cellular,17,nov,286,1,-1,0,unknown,no
77,retired,single,primary,no,300,no,no,cellular,9,sep,511,1,-1,0,unknown,no
36,self-employed,married,secondary,no,1184,yes,no,cellular,6,apr,1063,1,-1,0,unknown,yes
30,technician,single,secondary,no,2371,no,no,cellular,14,jun,661,1,384,2,other,yes
46,admin.,married,secondary,no,526,no,yes,cellular,31,jul,251,3,-1,0,unknown,no
34,admin.,divorced,secondary,no,661,yes,no,cellular,5,aug,245,2,183,10,failure,yes
35,management,single,secondary,yes,-202,yes,no,unknown,20,may,268,3,-1,0,unknown,no
42,admin.,single,secondary,no,1143,yes,yes,telephone,17,nov,106,1,-1,0,unknown,no
37,management,married,tertiary,no,355,no,no,cellular,4,aug,340,1,-1,0,unknown,no
32,technician,married,secondary,no,11431,no,no,cellular,12,aug,141,5,-1,0,unknown,no
32,management,married,tertiary,no,578,no,yes,cellular,22,jul,29,2,-1,0,unknown,no
37,management,married,tertiary,no,-666,yes,no,cellular,18,nov,204,2,-1,0,unknown,no
35,technician,married,secondary,no,1,yes,yes,unknown,21,may,85,1,-1,0,unknown,no
32,services,married,secondary,no,289,yes,no,cellular,2,feb,63,1,257,2,failure,no
28,technician,single,secondary,no,154,yes,no,cellular,18,feb,416,2,-1,0,unknown,yes
31,blue-collar,married,primary,no,33,yes,no,cellular,24,jul,901,2,-1,0,unknown,yes
36,management,divorced,tertiary,no,14930,no,no,cellular,23,jul,190,1,-1,0,unknown,no
24,student,single,unknown,no,782,no,no,cellular,4,may,12,7,91,1,other,no
56,management,married,tertiary,no,505,yes,yes,cellular,5,may,221,1,169,3,failure,no
36,management,single,tertiary,no,1841,yes,no,cellular,25,aug,141,4,-1,0,unknown,no
38,blue-collar,divorced,secondary,no,1817,yes,no,cellular,28,jul,1096,4,-1,0,unknown,yes
58,management,single,tertiary,no,1387,yes,no,unknown,5,may,174,5,-1,0,unknown,no
30,management,single,tertiary,no,536,no,no,cellular,14,jan,362,2,91,2,success,yes
40,blue-collar,married,secondary,no,273,yes,no,unknown,19,jun,1082,1,-1,0,unknown,no
35,housemaid,married,tertiary,no,2880,no,no,cellular,29,jan,42,1,-1,0,unknown,no
29,technician,single,secondary,no,110,yes,no,cellular,13,apr,1036,1,-1,0,unknown,yes
34,technician,married,secondary,no,1035,no,no,cellular,25,aug,1374,10,-1,0,unknown,yes
39,admin.,divorced,secondary,no,878,yes,no,cellular,15,may,611,5,-1,0,unknown,yes
39,blue-collar,single,primary,no,0,yes,yes,cellular,13,may,1975,5,-1,0,unknown,yes
26,admin.,single,secondary,no,2509,no,no,cellular,27,may,776,3,97,3,success,yes
38,admin.,married,secondary,no,11303,no,no,cellular,28,dec,473,2,216,2,failure,yes
38,services,married,secondary,no,934,yes,no,cellular,14,may,715,1,-1,0,unknown,yes
46,services,married,secondary,no,4,no,no,cellular,30,apr,268,1,261,5,other,yes
37,technician,married,secondary,no,1824,yes,no,cellular,3,jul,112,2,324,2,other,no
51,management,married,tertiary,no,0,yes,yes,unknown,29,may,410,5,-1,0,unknown,no
21,student,single,secondary,no,2488,no,no,telephone,12,jan,661,2,92,1,success,yes
56,retired,married,secondary,no,393,no,yes,cellular,26,jul,183,1,221,2,failure,yes
34,self-employed,single,tertiary,no,462,no,no,cellular,21,aug,1877,3,-1,0,unknown,yes
30,technician,married,secondary,no,418,yes,no,unknown,3,jun,112,1,-1,0,unknown,no
61,retired,married,secondary,no,1853,no,no,telephone,10,aug,520,1,181,2,success,yes
65,housemaid,married,primary,no,715,no,no,cellular,11,mar,323,1,-1,0,unknown,yes
33,blue-collar,single,secondary,no,45,no,no,unknown,20,jun,13,12,-1,0,unknown,no
48,entrepreneur,married,secondary,no,104,yes,yes,cellular,18,nov,55,1,-1,0,unknown,no
39,management,married,tertiary,no,208,no,no,cellular,20,aug,170,4,-1,0,unknown,no
46,management,married,tertiary,no,16,yes,no,cellular,6,may,304,1,-1,0,unknown,no
36,management,divorced,tertiary,no,133,yes,no,unknown,9,may,117,1,-1,0,unknown,no
58,retired,married,secondary,no,-324,yes,no,cellular,7,may,229,2,-1,0,unknown,no
32,blue-collar,married,primary,no,388,yes,no,cellular,15,apr,171,2,-1,0,unknown,no
44,blue-collar,married,secondary,no,294,yes,no,unknown,19,may,66,2,-1,0,unknown,no
22,student,single,secondary,no,216,no,no,cellular,6,aug,178,1,179,2,success,yes
36,technician,married,primary,no,0,no,no,unknown,4,jul,584,1,-1,0,unknown,yes
64,retired,married,tertiary,no,846,no,no,cellular,11,feb,671,1,181,3,failure,yes
34,management,single,tertiary,no,13014,no,no,cellular,12,feb,637,1,183,1,success,yes
60,retired,married,tertiary,no,108,no,no,cellular,26,aug,624,1,-1,0,unknown,yes
26,technician,single,secondary,no,237,yes,no,cellular,4,may,1091,3,-1,0,unknown,yes
24,management,married,secondary,no,867,yes,no,unknown,20,jun,546,10,-1,0,unknown,yes
30,technician,single,secondary,no,925,no,no,cellular,20,nov,240,1,-1,0,unknown,no
71,retired,married,primary,no,2988,no,no,telephone,17,apr,130,1,-1,0,unknown,yes
28,blue-collar,married,secondary,no,61,yes,no,cellular,4,may,226,2,319,1,success,yes
42,management,married,primary,no,5310,yes,no,cellular,25,nov,968,2,97,4,success,yes
51,blue-collar,divorced,secondary,no,734,yes,yes,cellular,5,may,17,1,-1,0,unknown,no
46,entrepreneur,married,secondary,no,122,no,no,cellular,6,feb,1047,2,1,7,failure,no
51,blue-collar,married,primary,no,2095,yes,yes,cellular,2,feb,438,4,-1,0,unknown,no
43,management,married,tertiary,no,0,yes,no,cellular,21,jul,474,1,-1,0,unknown,no
38,services,married,secondary,no,5293,yes,no,cellular,11,may,475,1,171,6,failure,yes
51,management,married,tertiary,yes,0,no,yes,cellular,29,jul,204,6,-1,0,unknown,no
40,unemployed,married,primary,no,1908,yes,no,cellular,5,feb,1661,2,-1,0,unknown,yes
55,management,married,tertiary,no,86,no,no,telephone,16,jun,64,1,-1,0,unknown,no
32,management,single,tertiary,no,307,no,no,cellular,25,jan,96,1,201,3,success,no
26,unknown,single,secondary,no,3247,no,no,telephone,6,feb,341,3,-1,0,unknown,no
53,unemployed,single,secondary,no,4,no,no,cellular,30,jul,259,3,-1,0,unknown,no
40,management,married,tertiary,no,964,yes,no,telephone,13,may,95,3,-1,0,unknown,no
36,self-employed,married,tertiary,no,4515,yes,no,unknown,17,jun,408,2,-1,0,unknown,no
31,technician,single,secondary,no,200,no,no,cellular,6,aug,315,2,-1,0,unknown,no
30,management,single,tertiary,no,222,no,yes,cellular,4,feb,111,1,204,2,other,no
33,admin.,single,secondary,no,1221,yes,no,unknown,23,may,245,1,-1,0,unknown,no
45,admin.,married,secondary,no,0,no,no,cellular,19,aug,145,10,-1,0,unknown,no
30,management,married,tertiary,no,0,no,no,cellular,7,aug,74,1,-1,0,unknown,no
33,admin.,married,secondary,no,30,yes,no,telephone,5,may,125,2,-1,0,unknown,no
56,technician,married,secondary,no,589,yes,no,unknown,29,may,535,2,-1,0,unknown,yes
34,services,single,secondary,no,258,yes,no,unknown,4,jun,131,2,-1,0,unknown,no
42,admin.,married,secondary,no,437,yes,no,cellular,11,aug,120,3,190,1,failure,no
36,unemployed,single,tertiary,no,221,no,no,cellular,3,feb,225,4,-1,0,unknown,no
56,blue-collar,married,secondary,no,385,no,no,cellular,20,aug,210,3,-1,0,unknown,no
46,blue-collar,married,secondary,no,640,yes,no,cellular,12,mar,215,1,182,4,success,yes
35,unemployed,single,tertiary,no,415,no,no,cellular,4,aug,462,1,92,4,success,yes
47,technician,married,secondary,no,0,yes,no,cellular,25,may,234,1,-1,0,unknown,no
35,housemaid,single,secondary,no,1015,yes,no,unknown,5,jun,406,2,-1,0,unknown,yes
28,student,single,tertiary,no,5741,no,no,cellular,10,sep,1042,5,200,3,failure,yes
30,admin.,married,secondary,no,39,yes,no,cellular,28,jul,101,3,-1,0,unknown,no
39,admin.,single,secondary,no,0,no,yes,unknown,19,jun,142,1,-1,0,unknown,no
36,student,single,unknown,no,417,no,no,cellular,10,aug,304,1,181,1,success,yes
53,unknown,married,primary,no,732,no,no,cellular,27,oct,759,2,-1,0,unknown,yes
81,retired,divorced,primary,no,949,no,no,cellular,27,sep,188,2,280,1,other,yes
40,blue-collar,married,primary,no,919,yes,no,unknown,3,jun,327,2,-1,0,unknown,no
24,student,single,secondary,no,1250,no,no,cellular,25,mar,411,2,-1,0,unknown,yes
41,blue-collar,married,secondary,no,338,yes,no,unknown,14,may,87,1,-1,0,unknown,no
50,management,married,tertiary,no,2570,no,no,cellular,18,nov,273,2,-1,0,unknown,no
37,technician,married,secondary,no,588,yes,no,cellular,14,aug,65,4,-1,0,unknown,no
32,technician,single,tertiary,no,2340,no,no,cellular,18,feb,89,2,-1,0,unknown,yes
35,blue-collar,divorced,unknown,no,164,no,no,unknown,11,jun,967,2,-1,0,unknown,yes
32,management,single,tertiary,no,0,yes,yes,cellular,17,nov,107,2,-1,0,unknown,no
43,technician,married,tertiary,no,591,yes,no,cellular,8,aug,889,2,-1,0,unknown,no
46,technician,married,secondary,no,3434,no,yes,cellular,8,jun,148,2,101,1,success,yes
51,admin.,married,unknown,no,-1137,yes,yes,telephone,11,may,567,3,325,1,failure,no
50,entrepreneur,married,tertiary,no,2410,no,no,cellular,21,nov,65,1,-1,0,unknown,no
32,technician,single,unknown,no,491,no,no,cellular,9,jul,474,7,-1,0,unknown,yes
38,blue-collar,married,primary,no,178,yes,no,unknown,20,may,245,1,-1,0,unknown,no
35,management,single,tertiary,no,2646,no,no,cellular,13,oct,221,1,182,1,success,yes
51,housemaid,divorced,secondary,no,9228,no,no,cellular,18,jul,655,4,-1,0,unknown,yes
29,unemployed,single,primary,no,1374,no,no,cellular,17,nov,309,3,208,4,success,yes
49,blue-collar,married,primary,no,-232,no,yes,cellular,11,aug,106,2,-1,0,unknown,no
48,management,divorced,tertiary,no,700,yes,no,cellular,29,aug,488,2,-1,0,unknown,no
49,blue-collar,married,primary,yes,-98,yes,no,cellular,20,nov,182,2,-1,0,unknown,no
33,management,married,tertiary,no,403,yes,no,unknown,26,may,114,2,-1,0,unknown,no
23,services,single,secondary,no,870,no,no,cellular,29,dec,296,1,176,4,success,yes
59,retired,married,primary,no,0,no,no,cellular,5,jun,493,2,-1,0,unknown,yes
39,management,married,tertiary,no,0,no,no,cellular,28,aug,93,25,-1,0,unknown,no
51,management,married,tertiary,no,1612,yes,no,cellular,18,nov,61,2,131,1,failure,no
58,retired,married,secondary,no,13,no,no,cellular,7,aug,92,4,-1,0,unknown,no
23,housemaid,married,tertiary,no,66,yes,no,cellular,7,may,1391,2,-1,0,unknown,yes
26,blue-collar,single,primary,no,-887,yes,no,cellular,18,may,827,2,-1,0,unknown,yes
82,retired,married,primary,no,8603,no,no,cellular,22,oct,306,3,107,1,success,yes
31,services,single,secondary,no,205,yes,no,cellular,15,apr,465,1,-1,0,unknown,no
53,technician,divorced,secondary,no,392,yes,no,cellular,28,jan,70,1,245,1,failure,no
45,admin.,single,secondary,no,-11,yes,no,cellular,5,may,247,1,-1,0,unknown,no
45,admin.,married,secondary,no,524,yes,no,cellular,23,jul,808,1,-1,0,unknown,yes
35,management,married,secondary,no,839,yes,no,unknown,23,may,50,3,-1,0,unknown,no
32,technician,married,secondary,no,-300,no,no,cellular,28,aug,226,9,-1,0,unknown,no
40,management,married,primary,no,395,yes,no,cellular,22,apr,232,4,-1,0,unknown,yes
48,management,married,secondary,no,0,yes,yes,cellular,3,nov,1233,1,351,2,failure,yes
31,housemaid,married,secondary,no,243,yes,no,cellular,23,sep,305,2,842,1,failure,yes
59,management,married,tertiary,no,1,yes,no,cellular,29,apr,210,1,-1,0,unknown,yes
33,blue-collar,single,unknown,no,129,yes,yes,cellular,30,apr,482,1,161,1,failure,yes
39,technician,divorced,secondary,no,0,yes,yes,cellular,30,apr,85,1,-1,0,unknown,no
52,blue-collar,married,primary,no,36,no,no,cellular,13,aug,109,2,-1,0,unknown,no
30,entrepreneur,single,primary,no,0,yes,yes,unknown,27,may,1051,1,-1,0,unknown,yes
48,unemployed,divorced,secondary,no,201,no,no,cellular,10,feb,406,2,92,2,success,yes
30,technician,single,secondary,no,1286,no,no,telephone,28,aug,44,12,-1,0,unknown,no
25,unemployed,single,primary,no,129,no,no,cellular,12,apr,176,3,-1,0,unknown,yes
32,admin.,married,secondary,no,995,no,no,cellular,3,sep,331,1,99,2,other,yes
62,housemaid,married,unknown,no,2021,no,no,telephone,26,feb,361,1,-1,0,unknown,yes
34,blue-collar,married,secondary,no,640,yes,no,cellular,29,apr,636,2,-1,0,unknown,yes
52,technician,married,secondary,no,0,yes,no,cellular,1,jun,144,1,83,1,failure,no
49,services,single,secondary,no,1884,yes,no,cellular,8,may,43,1,-1,0,unknown,no
34,technician,single,secondary,no,559,no,no,cellular,22,aug,259,2,-1,0,unknown,no
27,admin.,married,secondary,no,710,yes,yes,cellular,6,may,653,1,334,2,success,yes
34,blue-collar,married,primary,no,3986,yes,no,cellular,17,apr,345,2,-1,0,unknown,no
63,management,married,tertiary,no,2785,no,no,cellular,2,aug,341,2,392,3,success,yes
47,technician,married,secondary,no,3466,yes,no,cellular,11,jul,853,2,-1,0,unknown,yes
48,admin.,married,secondary,no,368,no,no,cellular,8,oct,363,2,140,7,success,yes
28,technician,single,tertiary,no,4513,yes,no,unknown,27,may,167,3,-1,0,unknown,no
33,technician,single,tertiary,no,179,yes,no,cellular,18,nov,432,2,181,4,other,no
34,blue-collar,married,secondary,no,-257,yes,no,cellular,15,may,160,1,368,4,failure,no
30,management,single,tertiary,no,376,yes,no,cellular,21,nov,710,1,-1,0,unknown,yes
28,blue-collar,single,secondary,no,3817,yes,no,cellular,4,may,528,3,-1,0,unknown,no
43,self-employed,married,secondary,no,918,yes,no,unknown,6,may,193,1,-1,0,unknown,no
51,technician,married,secondary,no,337,yes,no,cellular,20,aug,687,4,-1,0,unknown,no
30,blue-collar,married,primary,no,201,yes,no,cellular,31,aug,219,1,157,12,failure,yes
24,management,single,tertiary,no,2845,no,no,cellular,30,apr,779,2,-1,0,unknown,yes
39,technician,married,tertiary,no,94,yes,yes,unknown,16,may,813,1,-1,0,unknown,yes
27,admin.,single,tertiary,no,689,no,no,cellular,26,jan,98,1,307,1,failure,no
36,admin.,single,secondary,no,810,yes,no,unknown,17,jun,296,1,-1,0,unknown,no
49,technician,single,secondary,no,9131,yes,no,cellular,18,aug,532,1,461,5,failure,yes
31,housemaid,single,primary,no,26965,no,no,cellular,21,apr,654,2,-1,0,unknown,yes
39,technician,single,secondary,no,4646,yes,no,cellular,18,nov,486,1,-1,0,unknown,yes
53,management,married,secondary,no,2693,no,no,cellular,5,mar,90,1,104,1,failure,yes
41,technician,married,secondary,no,1043,yes,yes,unknown,14,may,225,1,-1,0,unknown,no
31,admin.,married,secondary,no,212,yes,no,cellular,18,jul,191,3,-1,0,unknown,no
25,admin.,single,tertiary,no,220,no,no,cellular,26,may,68,1,-1,0,unknown,no
42,services,married,primary,no,2567,yes,no,unknown,19,may,401,2,-1,0,unknown,no
50,blue-collar,married,primary,no,4979,no,no,telephone,6,apr,180,1,-1,0,unknown,yes
45,admin.,married,secondary,no,925,no,no,cellular,6,aug,406,2,-1,0,unknown,yes
48,admin.,married,secondary,no,50,no,yes,cellular,21,oct,419,1,-1,0,unknown,yes
24,student,single,unknown,no,358,no,no,cellular,14,jun,245,1,384,1,other,yes
46,admin.,divorced,secondary,no,2087,no,no,cellular,20,nov,768,3,-1,0,unknown,yes
56,technician,single,primary,no,145,yes,no,telephone,6,feb,124,2,9,2,other,no
63,management,married,tertiary,no,3115,no,no,cellular,16,nov,432,5,-1,0,unknown,yes
57,retired,married,unknown,no,-157,no,no,cellular,28,aug,31,9,-1,0,unknown,no
29,student,single,secondary,no,110,yes,no,unknown,7,may,169,3,-1,0,unknown,no
28,unemployed,married,tertiary,no,482,no,no,cellular,25,may,119,1,-1,0,unknown,yes
52,management,married,tertiary,no,1319,yes,no,cellular,17,nov,113,1,-1,0,unknown,no
37,management,married,tertiary,no,3737,no,no,cellular,7,jul,224,1,-1,0,unknown,yes
35,management,married,tertiary,no,0,yes,no,cellular,11,nov,229,2,96,3,success,yes
45,blue-collar,married,secondary,no,-221,yes,yes,unknown,3,jun,170,1,-1,0,unknown,no
58,retired,divorced,secondary,no,0,no,no,unknown,17,jun,436,5,-1,0,unknown,no
54,management,married,tertiary,no,1146,yes,no,cellular,12,aug,205,2,-1,0,unknown,no
30,blue-collar,married,secondary,no,309,yes,no,unknown,7,may,1574,2,-1,0,unknown,yes
34,blue-collar,single,secondary,no,215,no,no,cellular,5,jun,329,1,94,3,success,no
64,housemaid,married,primary,no,768,no,no,cellular,14,jan,371,1,-1,0,unknown,yes
32,blue-collar,single,secondary,no,118,yes,no,cellular,17,jul,1275,1,-1,0,unknown,yes
49,admin.,divorced,secondary,no,168,yes,yes,unknown,8,may,513,1,-1,0,unknown,yes
25,services,single,secondary,no,895,yes,no,unknown,3,jun,167,1,-1,0,unknown,no
30,services,single,secondary,no,140,yes,no,cellular,15,may,760,1,-1,0,unknown,yes
57,blue-collar,single,primary,no,3495,no,yes,cellular,19,nov,362,3,-1,0,unknown,no
30,blue-collar,married,secondary,no,631,yes,no,cellular,19,nov,174,2,-1,0,unknown,no
76,retired,married,unknown,no,992,no,no,cellular,27,oct,139,2,-1,0,unknown,no
58,retired,married,primary,no,269,yes,no,unknown,16,may,38,2,-1,0,unknown,no
59,retired,divorced,secondary,no,5583,yes,no,cellular,30,apr,720,1,-1,0,unknown,yes
77,retired,married,tertiary,no,7802,no,no,telephone,1,feb,483,2,-1,0,unknown,yes
26,admin.,single,secondary,no,2509,no,no,cellular,19,feb,654,3,-1,0,unknown,yes
34,management,married,tertiary,no,0,no,no,cellular,29,aug,120,2,-1,0,unknown,no
39,blue-collar,married,secondary,no,1756,yes,no,cellular,3,apr,939,1,-1,0,unknown,yes
32,admin.,married,tertiary,no,390,yes,yes,cellular,5,may,100,1,243,1,other,no
38,management,single,tertiary,no,1637,no,yes,cellular,5,aug,231,1,-1,0,unknown,no
76,retired,married,primary,no,3324,no,no,cellular,13,nov,122,1,92,3,success,yes
29,services,single,primary,no,339,no,no,unknown,4,jul,1576,3,-1,0,unknown,yes
84,entrepreneur,married,secondary,no,0,no,no,telephone,30,sep,992,2,-1,0,unknown,yes
38,admin.,divorced,secondary,no,-51,no,yes,cellular,30,jan,102,1,-1,0,unknown,no
40,management,married,tertiary,no,0,no,no,cellular,14,jul,109,8,-1,0,unknown,no
58,admin.,married,secondary,no,2160,yes,yes,cellular,5,may,1090,1,-1,0,unknown,yes
32,admin.,married,secondary,no,0,yes,no,cellular,30,apr,177,2,-1,0,unknown,yes
60,management,married,tertiary,no,5990,yes,no,cellular,6,may,396,3,-1,0,unknown,yes
45,blue-collar,married,primary,no,907,no,no,cellular,18,aug,230,8,-1,0,unknown,no
56,self-employed,married,tertiary,yes,0,no,no,cellular,19,nov,122,1,-1,0,unknown,no
30,admin.,married,secondary,no,873,yes,no,telephone,12,nov,119,1,167,3,success,no
29,management,married,tertiary,yes,53,yes,no,cellular,31,jul,27,17,-1,0,unknown,no
31,self-employed,married,tertiary,no,1134,no,no,cellular,6,feb,174,2,-1,0,unknown,no
25,admin.,single,secondary,no,82,no,yes,cellular,7,apr,104,2,-1,0,unknown,yes
49,blue-collar,married,secondary,no,2039,yes,no,cellular,6,may,451,1,169,2,failure,yes
33,management,married,tertiary,no,0,yes,no,cellular,14,apr,535,3,328,1,failure,yes
27,blue-collar,married,tertiary,no,335,yes,no,unknown,26,jun,519,3,-1,0,unknown,yes
29,management,married,tertiary,no,247,no,no,cellular,16,sep,143,2,587,3,failure,yes
28,blue-collar,married,secondary,no,751,yes,no,cellular,22,jul,598,5,-1,0,unknown,yes
57,housemaid,married,tertiary,no,2326,no,no,cellular,17,apr,378,1,-1,0,unknown,yes
34,technician,single,secondary,no,4367,no,no,cellular,13,aug,121,2,-1,0,unknown,no
59,housemaid,married,tertiary,no,0,no,yes,cellular,29,jul,376,2,-1,0,unknown,no
59,unknown,divorced,unknown,no,27,no,no,unknown,5,may,347,3,-1,0,unknown,no
53,blue-collar,married,secondary,no,913,yes,no,cellular,23,jul,730,1,-1,0,unknown,no
66,retired,married,secondary,no,995,no,no,cellular,27,feb,131,2,-1,0,unknown,yes
45,management,married,tertiary,no,2220,yes,no,cellular,11,jul,128,2,-1,0,unknown,no
43,services,married,secondary,no,-236,yes,no,cellular,28,jul,745,7,-1,0,unknown,yes
31,services,married,secondary,no,371,yes,yes,cellular,17,apr,654,1,-1,0,unknown,no
41,entrepreneur,divorced,tertiary,no,-413,yes,no,unknown,8,may,170,2,-1,0,unknown,no
39,management,married,tertiary,no,0,yes,no,cellular,5,may,811,2,-1,0,unknown,yes
47,blue-collar,married,secondary,no,1568,yes,no,cellular,21,may,226,3,91,8,success,yes
23,student,single,secondary,no,480,no,no,cellular,9,feb,742,2,182,1,failure,yes
45,admin.,married,secondary,no,46,yes,no,cellular,5,may,234,1,-1,0,unknown,no
48,management,married,tertiary,no,0,yes,no,cellular,6,sep,194,2,125,6,failure,yes
27,self-employed,married,secondary,yes,254,yes,yes,cellular,29,jan,194,1,188,1,failure,no
36,services,married,secondary,no,145,yes,no,cellular,2,feb,109,1,252,2,other,no
57,retired,divorced,primary,no,720,no,no,telephone,17,feb,202,4,-1,0,unknown,yes
41,technician,married,secondary,no,1270,yes,no,unknown,5,may,1389,1,-1,0,unknown,yes
39,technician,married,secondary,no,2266,no,no,cellular,22,may,86,1,93,4,success,no
24,student,single,primary,no,0,no,no,unknown,5,jun,25,26,-1,0,unknown,no
55,admin.,married,secondary,no,183,yes,no,unknown,6,may,150,1,-1,0,unknown,no
27,services,married,secondary,no,1303,yes,yes,unknown,21,may,364,1,-1,0,unknown,no
43,management,married,unknown,no,275,no,no,cellular,9,apr,109,2,339,2,failure,no
35,admin.,married,secondary,no,0,yes,no,cellular,20,apr,18,5,-1,0,unknown,no
38,technician,married,secondary,no,205,no,no,cellular,26,may,332,1,-1,0,unknown,yes
31,blue-collar,single,secondary,no,953,yes,no,cellular,14,may,479,1,346,2,success,yes
32,management,single,tertiary,no,718,yes,no,cellular,29,dec,155,1,197,1,success,yes
60,housemaid,married,unknown,no,491,no,no,cellular,14,aug,503,4,-1,0,unknown,no
37,services,married,secondary,no,775,no,no,cellular,14,aug,150,2,-1,0,unknown,yes
62,self-employed,divorced,tertiary,no,6,yes,no,cellular,13,apr,103,1,182,3,success,yes
68,retired,married,secondary,no,0,no,no,cellular,22,jun,586,1,-1,0,unknown,yes
26,services,married,secondary,no,77,yes,no,cellular,15,may,619,1,340,4,failure,yes
52,retired,divorced,primary,no,-779,yes,yes,cellular,17,apr,709,1,-1,0,unknown,yes
31,student,single,secondary,no,3511,no,no,cellular,6,oct,311,1,96,1,success,yes
28,management,single,tertiary,yes,1414,yes,no,cellular,8,jul,294,1,521,1,failure,yes
33,management,single,tertiary,no,318,yes,no,cellular,8,apr,1190,1,141,3,other,yes
27,blue-collar,single,secondary,no,535,no,no,cellular,15,feb,171,1,91,2,success,yes
29,unknown,single,secondary,no,923,no,no,cellular,26,may,333,1,-1,0,unknown,no
42,unemployed,divorced,secondary,no,325,yes,no,unknown,28,may,97,4,-1,0,unknown,no
63,retired,single,tertiary,no,791,no,no,cellular,21,oct,212,2,-1,0,unknown,yes
28,self-employed,single,tertiary,no,805,no,no,cellular,16,feb,331,1,-1,0,unknown,yes
40,technician,married,primary,no,284,yes,no,cellular,20,apr,1332,2,-1,0,unknown,yes
31,self-employed,single,tertiary,no,1657,yes,yes,cellular,28,jan,872,1,-1,0,unknown,yes
48,housemaid,married,tertiary,no,5473,no,no,cellular,24,aug,232,2,-1,0,unknown,yes
49,entrepreneur,single,secondary,no,5802,no,no,cellular,12,aug,175,3,104,2,success,no
33,admin.,single,tertiary,no,490,yes,no,cellular,7,may,31,1,363,2,failure,no
49,technician,single,secondary,no,1377,no,no,cellular,5,aug,935,1,-1,0,unknown,yes
33,technician,single,secondary,no,930,yes,no,cellular,15,may,163,5,359,1,failure,no
29,blue-collar,single,secondary,no,9,yes,no,cellular,11,may,262,3,-1,0,unknown,no
64,retired,married,secondary,no,1574,no,no,telephone,29,jul,301,3,-1,0,unknown,yes
51,technician,divorced,secondary,no,0,yes,no,unknown,28,may,463,2,-1,0,unknown,no
46,admin.,single,secondary,no,849,yes,no,unknown,5,jun,508,2,-1,0,unknown,yes
41,admin.,married,secondary,no,338,yes,no,unknown,16,may,121,1,-1,0,unknown,no
36,technician,married,tertiary,no,1327,no,no,cellular,29,oct,174,2,-1,0,unknown,no
37,admin.,single,secondary,no,192,yes,no,unknown,23,may,105,2,-1,0,unknown,no
38,technician,single,tertiary,no,69,yes,no,cellular,13,may,253,3,-1,0,unknown,no
59,blue-collar,married,primary,no,1939,no,no,cellular,23,apr,172,1,-1,0,unknown,yes
53,self-employed,married,tertiary,no,290,no,yes,cellular,24,jul,303,3,-1,0,unknown,no
46,blue-collar,married,secondary,no,2603,yes,yes,cellular,11,may,50,3,277,2,failure,no
49,management,married,tertiary,no,1,no,no,telephone,13,aug,640,2,101,4,success,yes
67,retired,divorced,tertiary,no,443,no,no,cellular,18,aug,441,1,-1,0,unknown,yes
31,technician,single,secondary,no,628,yes,no,unknown,12,may,1083,2,-1,0,unknown,no
46,self-employed,divorced,tertiary,no,21,no,no,cellular,30,jul,566,2,-1,0,unknown,yes
34,technician,single,secondary,no,18777,yes,no,cellular,18,nov,535,1,-1,0,unknown,no
29,management,single,secondary,no,703,yes,no,cellular,16,nov,236,1,550,2,success,yes
53,retired,married,tertiary,no,7132,no,no,cellular,13,aug,88,2,-1,0,unknown,no
32,management,single,tertiary,no,0,yes,no,cellular,20,apr,415,2,-1,0,unknown,no
29,blue-collar,single,secondary,no,2,yes,yes,cellular,21,apr,379,5,-1,0,unknown,yes
48,management,single,secondary,no,1106,no,yes,cellular,8,jul,265,1,-1,0,unknown,no
39,blue-collar,married,secondary,no,2467,no,no,cellular,19,jul,207,2,276,3,other,yes
31,technician,single,secondary,no,4888,yes,no,telephone,5,may,475,4,166,2,failure,no
31,unemployed,single,secondary,no,284,yes,no,cellular,2,feb,855,1,-1,0,unknown,yes
44,admin.,divorced,primary,no,429,yes,no,telephone,23,oct,80,1,-1,0,unknown,yes
20,student,single,secondary,no,130,no,no,telephone,4,may,75,3,-1,0,unknown,no
51,retired,divorced,secondary,no,1679,no,no,cellular,12,aug,417,1,365,9,other,yes
29,management,single,tertiary,no,573,yes,yes,unknown,16,jun,190,4,-1,0,unknown,no
38,technician,married,tertiary,no,940,no,no,cellular,12,aug,191,7,-1,0,unknown,no
41,blue-collar,single,secondary,yes,-386,no,yes,cellular,20,nov,477,1,-1,0,unknown,yes
29,management,single,tertiary,no,697,no,no,cellular,30,apr,365,1,85,1,success,yes
44,management,married,tertiary,no,1954,no,no,cellular,2,jun,294,1,-1,0,unknown,yes
49,services,divorced,secondary,no,947,no,no,unknown,20,jun,808,2,-1,0,unknown,yes
35,management,married,tertiary,no,8000,no,no,cellular,13,may,331,1,90,3,success,yes
45,management,married,primary,no,4629,no,no,telephone,2,apr,285,2,-1,0,unknown,no
32,management,single,tertiary,no,312,no,no,cellular,17,feb,232,2,-1,0,unknown,yes
44,blue-collar,married,secondary,no,3060,yes,no,cellular,20,nov,113,1,189,2,failure,no
32,blue-collar,single,primary,no,1918,yes,no,cellular,8,may,318,1,172,1,failure,no
61,blue-collar,divorced,primary,no,1428,yes,no,unknown,5,may,82,2,-1,0,unknown,no
29,services,married,tertiary,no,6,yes,no,unknown,28,may,143,2,-1,0,unknown,no
60,blue-collar,married,primary,no,228,yes,no,unknown,28,may,249,11,-1,0,unknown,no
57,blue-collar,married,primary,no,2112,no,no,cellular,12,aug,1134,2,-1,0,unknown,yes
22,management,single,tertiary,no,104,no,yes,cellular,18,oct,509,1,185,3,success,yes
25,blue-collar,married,secondary,no,0,no,yes,cellular,15,jul,1424,4,-1,0,unknown,yes
60,management,married,unknown,no,264,no,no,telephone,1,feb,265,1,-1,0,unknown,yes
46,blue-collar,married,secondary,no,624,yes,no,cellular,16,apr,201,1,-1,0,unknown,no
26,admin.,single,secondary,yes,0,yes,no,cellular,16,jul,157,2,-1,0,unknown,no
38,services,married,secondary,no,8876,no,no,cellular,19,nov,636,1,-1,0,unknown,no
36,self-employed,single,tertiary,no,-103,yes,yes,telephone,17,oct,3253,1,-1,0,unknown,yes
39,technician,married,secondary,no,130,no,no,cellular,8,jul,202,2,-1,0,unknown,no
54,services,married,unknown,no,0,yes,no,cellular,5,feb,686,2,267,1,other,yes
37,management,married,tertiary,no,6771,no,no,cellular,7,sep,337,1,186,1,success,yes
48,blue-collar,divorced,primary,no,0,no,no,unknown,6,jun,248,2,-1,0,unknown,no
30,student,single,secondary,no,48,no,no,cellular,25,feb,217,1,191,2,success,yes
43,blue-collar,married,primary,no,0,yes,no,unknown,12,may,3,1,-1,0,unknown,no
30,admin.,single,secondary,no,-36,no,no,cellular,16,jul,561,9,-1,0,unknown,yes
60,retired,divorced,tertiary,no,439,no,yes,cellular,25,may,464,1,321,1,failure,yes
35,management,married,tertiary,no,16,no,no,cellular,19,nov,185,1,-1,0,unknown,no
66,retired,married,secondary,no,154,no,no,cellular,15,jul,268,5,181,2,failure,yes
37,management,married,tertiary,no,255,no,no,cellular,24,feb,562,2,183,10,success,yes
46,technician,divorced,tertiary,no,0,yes,no,cellular,11,aug,249,5,-1,0,unknown,no
50,management,married,tertiary,yes,72,no,no,cellular,22,aug,171,13,-1,0,unknown,no
49,blue-collar,married,secondary,no,134,yes,yes,unknown,27,may,265,2,-1,0,unknown,no
46,entrepreneur,married,secondary,no,0,no,yes,cellular,18,jul,115,1,-1,0,unknown,no
51,management,married,primary,no,98,yes,no,unknown,7,may,114,2,-1,0,unknown,no
27,management,single,tertiary,no,1840,no,no,cellular,1,jun,220,1,28,8,other,yes
80,retired,married,primary,no,155,no,no,telephone,4,may,209,1,53,3,success,yes
47,admin.,single,secondary,no,3696,no,no,cellular,12,jan,758,4,-1,0,unknown,yes
31,admin.,single,tertiary,no,383,no,yes,cellular,6,feb,119,1,214,1,failure,no
53,management,married,secondary,no,2693,no,no,cellular,21,nov,140,1,-1,0,unknown,no
43,technician,married,secondary,no,-1701,yes,no,unknown,26,may,285,1,-1,0,unknown,no
61,retired,married,secondary,no,523,no,no,cellular,13,aug,211,3,183,4,success,yes
39,management,married,secondary,no,1880,no,no,cellular,12,aug,768,2,-1,0,unknown,yes
32,technician,single,tertiary,no,392,yes,no,cellular,21,nov,148,2,-1,0,unknown,no
33,technician,divorced,secondary,no,2,yes,no,cellular,7,may,600,2,330,17,failure,no
32,blue-collar,single,secondary,no,5252,yes,no,cellular,20,nov,232,2,183,2,failure,no
27,blue-collar,single,primary,no,1128,yes,no,unknown,30,jun,88,4,-1,0,unknown,no
57,retired,married,tertiary,no,1269,no,no,cellular,31,aug,1120,1,-1,0,unknown,yes
41,technician,married,tertiary,no,63,no,no,cellular,25,aug,36,3,-1,0,unknown,no
34,blue-collar,married,secondary,no,751,yes,yes,cellular,17,nov,1303,1,-1,0,unknown,yes
42,services,divorced,secondary,no,257,yes,no,cellular,12,may,955,2,-1,0,unknown,yes
73,retired,married,primary,no,508,no,no,cellular,14,jun,154,4,97,1,success,no
56,services,married,primary,no,486,no,yes,telephone,21,jul,1877,1,-1,0,unknown,yes
50,blue-collar,married,primary,no,859,yes,yes,telephone,9,feb,56,5,196,7,failure,no
34,management,single,tertiary,no,275,no,no,cellular,2,aug,196,2,455,23,other,yes
31,blue-collar,married,secondary,no,892,yes,no,cellular,29,jul,25,22,-1,0,unknown,no
35,technician,married,secondary,no,410,yes,no,cellular,20,nov,67,2,-1,0,unknown,no
35,management,married,tertiary,no,354,no,yes,cellular,9,feb,117,4,12,2,other,no
58,self-employed,married,tertiary,no,1636,no,no,cellular,15,apr,187,1,-1,0,unknown,no
30,blue-collar,single,secondary,yes,447,no,no,cellular,19,nov,426,2,189,6,failure,no
40,entrepreneur,divorced,tertiary,no,224,no,no,unknown,20,jun,606,1,-1,0,unknown,no
30,technician,married,secondary,no,2326,no,no,cellular,14,dec,420,1,175,2,failure,yes
27,services,married,secondary,no,0,yes,no,cellular,17,jul,991,5,-1,0,unknown,yes
32,management,single,tertiary,no,1134,no,no,cellular,28,aug,85,4,-1,0,unknown,no
33,management,married,tertiary,no,1195,yes,no,telephone,13,may,355,4,-1,0,unknown,no
32,technician,single,tertiary,no,696,no,yes,cellular,13,aug,101,4,105,4,failure,no
37,self-employed,married,secondary,yes,0,yes,no,cellular,17,jul,158,1,-1,0,unknown,no
44,technician,single,tertiary,no,2033,no,no,cellular,3,sep,444,1,99,1,failure,yes
26,management,single,tertiary,no,6840,yes,no,unknown,28,may,1560,2,-1,0,unknown,yes
31,unknown,married,secondary,no,111,no,no,cellular,21,nov,504,2,93,2,failure,yes
42,housemaid,single,secondary,no,578,no,no,telephone,28,jan,44,1,-1,0,unknown,no
29,management,married,tertiary,no,318,yes,no,cellular,18,may,1434,2,356,4,failure,no
29,services,single,unknown,no,196,no,no,cellular,30,jan,726,2,-1,0,unknown,yes
42,blue-collar,married,secondary,no,160,yes,yes,unknown,26,jun,190,1,-1,0,unknown,no
30,technician,married,secondary,no,4,yes,no,cellular,8,may,17,5,-1,0,unknown,no
30,management,married,tertiary,no,6432,yes,no,cellular,21,nov,206,2,119,3,other,no
60,services,married,tertiary,no,4256,yes,no,cellular,16,nov,200,1,92,4,success,yes
22,admin.,single,secondary,no,372,no,no,cellular,6,oct,218,1,-1,0,unknown,yes
35,blue-collar,single,primary,no,-276,yes,no,cellular,13,may,850,1,-1,0,unknown,yes
54,unknown,married,unknown,no,895,no,no,cellular,7,oct,335,1,-1,0,unknown,yes
64,retired,married,primary,no,12067,no,no,telephone,30,jul,367,2,92,2,success,yes
27,student,single,secondary,no,253,no,no,cellular,25,may,242,2,-1,0,unknown,yes
37,blue-collar,married,primary,no,3517,yes,no,unknown,23,may,445,1,-1,0,unknown,no
28,blue-collar,single,secondary,no,4054,yes,no,cellular,11,may,133,2,-1,0,unknown,no
60,technician,married,tertiary,no,-71,yes,yes,cellular,30,jan,1451,1,-1,0,unknown,yes
34,management,divorced,tertiary,no,2240,no,no,cellular,8,sep,220,2,184,3,success,yes
59,retired,married,unknown,no,178,yes,no,telephone,11,jul,330,2,-1,0,unknown,no
25,student,single,unknown,no,3,no,no,cellular,26,may,170,1,-1,0,unknown,yes
38,self-employed,divorced,secondary,no,0,yes,no,cellular,20,apr,84,1,-1,0,unknown,no
34,services,married,secondary,no,24,yes,no,unknown,28,may,124,1,-1,0,unknown,no
60,unemployed,married,secondary,no,957,no,no,cellular,8,sep,246,1,184,3,success,yes
51,admin.,divorced,secondary,no,2195,yes,no,unknown,13,may,59,1,-1,0,unknown,no
41,blue-collar,married,secondary,no,167,no,no,unknown,20,jun,48,1,-1,0,unknown,no
29,technician,single,tertiary,no,2489,yes,no,cellular,3,mar,355,1,86,5,failure,yes
56,admin.,married,primary,no,202,yes,no,unknown,9,may,178,2,-1,0,unknown,no
28,management,single,tertiary,no,2725,no,no,cellular,16,jun,292,1,504,1,failure,yes
26,technician,married,secondary,no,370,no,yes,cellular,8,jul,1061,4,-1,0,unknown,yes
47,management,divorced,tertiary,no,12026,yes,no,telephone,27,oct,251,1,-1,0,unknown,yes
31,technician,single,secondary,no,863,yes,no,cellular,3,feb,146,1,263,5,success,no
29,self-employed,married,tertiary,no,242,yes,no,cellular,18,jul,73,4,-1,0,unknown,no
32,blue-collar,single,secondary,no,5252,yes,no,unknown,21,may,1162,2,-1,0,unknown,no
24,admin.,single,secondary,no,166,no,no,cellular,10,sep,256,2,-1,0,unknown,yes
50,technician,married,secondary,no,103,yes,no,unknown,12,may,79,6,-1,0,unknown,no
32,management,divorced,tertiary,no,874,no,no,cellular,12,aug,1282,6,-1,0,unknown,yes
39,management,single,tertiary,no,5073,yes,no,cellular,12,may,1182,1,286,4,failure,yes
47,technician,married,secondary,no,335,no,no,cellular,4,may,417,1,76,1,success,yes
28,management,single,tertiary,no,12956,yes,no,cellular,2,jul,940,1,399,3,success,yes
30,admin.,single,secondary,no,1309,no,no,cellular,28,jan,622,1,-1,0,unknown,yes
57,management,married,tertiary,no,3431,yes,no,cellular,21,nov,55,2,189,1,failure,no
65,retired,married,primary,no,493,no,no,cellular,16,oct,622,1,182,1,failure,no
32,technician,married,tertiary,no,636,yes,no,cellular,28,aug,370,1,116,4,success,yes
25,technician,single,secondary,no,139,no,yes,cellular,12,oct,138,1,-1,0,unknown,yes
28,services,married,secondary,no,222,yes,no,unknown,29,may,101,23,-1,0,unknown,no
36,blue-collar,single,secondary,no,1127,yes,no,cellular,10,jul,455,1,-1,0,unknown,no
58,blue-collar,married,secondary,no,1457,yes,no,cellular,8,jul,144,4,-1,0,unknown,no
30,admin.,married,tertiary,no,4168,no,no,cellular,3,jun,198,1,-1,0,unknown,no
57,unemployed,married,secondary,no,3754,no,no,cellular,5,feb,1063,2,-1,0,unknown,yes
56,management,married,tertiary,no,705,no,no,cellular,19,nov,164,2,-1,0,unknown,no
25,technician,single,secondary,no,7103,yes,no,cellular,28,may,188,3,10,1,failure,yes
37,services,divorced,secondary,no,241,yes,no,cellular,14,may,189,1,371,1,failure,no
35,admin.,single,secondary,no,855,yes,no,unknown,12,may,241,3,-1,0,unknown,no
50,management,divorced,tertiary,no,2564,yes,no,cellular,21,nov,124,4,113,8,failure,no
38,blue-collar,divorced,secondary,no,2998,yes,no,unknown,11,jun,91,1,-1,0,unknown,no
51,technician,married,secondary,no,1327,no,no,cellular,7,jul,21,2,-1,0,unknown,no
37,blue-collar,married,unknown,no,622,yes,no,cellular,11,may,175,1,-1,0,unknown,no
27,housemaid,married,primary,yes,-238,no,no,cellular,14,jul,132,4,-1,0,unknown,no
35,admin.,single,secondary,no,181,yes,no,cellular,18,may,217,4,301,1,failure,no
34,technician,married,tertiary,no,127,no,no,cellular,3,jun,117,1,-1,0,unknown,yes
32,services,single,tertiary,no,785,no,no,cellular,3,jun,273,1,-1,0,unknown,no
39,admin.,single,secondary,no,2854,yes,no,unknown,2,jun,64,1,-1,0,unknown,no
49,blue-collar,married,secondary,no,298,yes,no,cellular,30,apr,264,2,86,3,failure,no
41,unemployed,married,primary,no,183,yes,no,cellular,29,jul,271,1,-1,0,unknown,no
26,technician,married,secondary,no,-119,no,yes,cellular,9,jul,359,5,-1,0,unknown,yes
34,blue-collar,married,secondary,no,182,no,no,cellular,6,aug,938,2,-1,0,unknown,yes
42,management,divorced,secondary,no,-272,no,no,cellular,8,jul,186,1,-1,0,unknown,no
32,services,single,secondary,no,-198,yes,no,unknown,21,may,681,3,-1,0,unknown,yes
41,technician,single,secondary,no,5329,no,no,cellular,14,jul,397,2,-1,0,unknown,yes
38,blue-collar,married,primary,no,3419,yes,no,unknown,20,jun,324,5,-1,0,unknown,no
29,student,single,secondary,no,78,no,no,cellular,30,apr,239,1,-1,0,unknown,yes
77,retired,married,tertiary,no,7802,no,no,telephone,4,may,421,1,92,2,success,yes
55,retired,married,primary,no,3876,no,no,cellular,21,nov,54,1,-1,0,unknown,no
25,admin.,single,secondary,no,131,yes,yes,unknown,9,may,237,1,-1,0,unknown,no
52,services,married,secondary,no,961,no,yes,cellular,18,feb,222,1,553,4,failure,yes
43,technician,married,secondary,no,4056,no,no,cellular,4,may,13,6,89,2,failure,no
28,blue-collar,single,secondary,no,97,yes,no,unknown,7,may,67,1,-1,0,unknown,no
29,unemployed,single,secondary,no,25,no,no,cellular,14,apr,207,2,-1,0,unknown,yes
39,management,married,tertiary,no,0,yes,yes,cellular,17,jul,301,1,-1,0,unknown,no
43,admin.,married,secondary,no,2,yes,yes,cellular,22,jul,254,1,-1,0,unknown,no
47,admin.,divorced,secondary,no,555,yes,yes,telephone,17,oct,478,1,-1,0,unknown,yes
33,management,single,tertiary,no,4176,no,no,cellular,26,mar,288,3,-1,0,unknown,yes
53,admin.,married,secondary,no,1796,no,no,telephone,15,dec,476,1,193,1,failure,yes
59,admin.,single,secondary,no,4744,no,no,cellular,4,sep,879,1,-1,0,unknown,yes
30,unemployed,married,tertiary,no,0,yes,no,cellular,18,nov,756,1,-1,0,unknown,no
59,retired,divorced,secondary,no,21,yes,no,telephone,19,nov,121,2,-1,0,unknown,no
49,self-employed,married,secondary,no,-199,yes,yes,cellular,29,jan,385,1,-1,0,unknown,no
65,retired,married,primary,no,276,no,no,cellular,22,apr,229,1,-1,0,unknown,yes
48,management,married,secondary,no,268,yes,no,cellular,28,jul,458,7,-1,0,unknown,yes
45,blue-collar,divorced,primary,no,844,no,no,unknown,5,jun,1018,3,-1,0,unknown,yes
27,student,single,secondary,no,67,no,no,telephone,14,nov,239,1,-1,0,unknown,yes
42,unemployed,married,secondary,no,1289,no,no,cellular,15,oct,1176,3,92,6,success,yes
40,management,single,tertiary,no,1509,no,no,cellular,12,may,333,1,58,3,failure,no
25,student,single,secondary,no,1747,yes,no,cellular,24,jul,903,1,-1,0,unknown,yes
57,retired,married,secondary,no,5313,no,no,cellular,16,dec,283,2,196,1,success,yes
50,services,married,tertiary,no,218,yes,no,unknown,9,may,388,2,-1,0,unknown,no
36,admin.,single,secondary,no,728,no,no,cellular,30,apr,230,1,-1,0,unknown,yes
76,retired,married,secondary,no,4112,no,no,telephone,23,oct,282,2,-1,0,unknown,yes
35,admin.,married,secondary,no,725,yes,no,cellular,20,nov,219,7,133,1,failure,no
32,blue-collar,single,secondary,no,1036,yes,yes,unknown,30,may,62,2,-1,0,unknown,no
35,management,married,tertiary,no,925,no,no,cellular,8,jun,200,4,-1,0,unknown,yes
53,technician,married,secondary,no,-725,yes,no,unknown,27,may,1205,1,-1,0,unknown,yes
41,admin.,divorced,secondary,no,6046,yes,yes,telephone,15,mar,300,6,182,2,success,yes
44,management,single,secondary,no,421,no,yes,cellular,5,aug,307,1,-1,0,unknown,no
80,retired,married,secondary,no,8304,no,no,telephone,8,sep,606,3,91,13,success,yes
32,services,married,secondary,no,250,yes,no,unknown,29,may,202,1,-1,0,unknown,no
28,management,single,tertiary,no,390,no,no,cellular,29,sep,845,1,232,4,success,yes
41,management,divorced,tertiary,no,1401,no,no,unknown,16,jun,110,4,-1,0,unknown,no
25,management,single,tertiary,no,3,yes,yes,cellular,16,apr,1034,1,-1,0,unknown,yes
38,management,single,tertiary,no,3141,no,no,cellular,9,nov,347,4,189,2,success,yes
56,self-employed,married,unknown,no,0,no,no,cellular,19,aug,130,1,-1,0,unknown,no
42,technician,single,tertiary,no,-411,yes,no,cellular,24,jul,212,3,-1,0,unknown,no
34,admin.,single,secondary,no,557,no,no,cellular,17,nov,224,1,-1,0,unknown,yes
45,services,married,secondary,no,222,no,no,cellular,25,aug,119,11,-1,0,unknown,no
55,admin.,married,secondary,no,602,no,no,cellular,7,sep,350,1,98,5,success,yes
37,blue-collar,married,primary,no,1796,yes,yes,cellular,17,apr,232,2,-1,0,unknown,no
39,services,married,secondary,no,20928,no,no,cellular,14,may,1166,1,352,1,other,no
34,services,married,secondary,no,22,yes,no,unknown,6,may,344,1,-1,0,unknown,no
28,services,single,secondary,no,168,yes,no,cellular,7,may,128,1,-1,0,unknown,no
44,admin.,married,secondary,no,0,no,no,cellular,31,jul,209,1,-1,0,unknown,no
60,blue-collar,married,primary,no,631,no,no,cellular,12,aug,429,2,-1,0,unknown,yes
57,admin.,married,secondary,no,6005,yes,no,cellular,8,may,704,1,323,6,failure,yes
30,self-employed,married,tertiary,no,163,yes,no,cellular,18,may,149,1,362,8,other,no
55,management,single,tertiary,no,797,no,no,cellular,29,jul,24,2,-1,0,unknown,no
47,technician,single,secondary,no,1101,yes,no,cellular,23,jul,957,3,-1,0,unknown,yes
35,blue-collar,married,primary,no,4366,yes,no,unknown,28,may,173,3,-1,0,unknown,no
40,self-employed,single,tertiary,no,10346,no,no,cellular,15,jun,491,2,207,1,other,yes
41,management,married,tertiary,no,27696,no,no,cellular,12,aug,147,2,104,1,failure,yes
31,blue-collar,married,primary,no,50,yes,no,unknown,8,may,300,2,-1,0,unknown,no
51,management,married,primary,no,6298,yes,no,unknown,20,jun,14,3,-1,0,unknown,no
36,admin.,married,secondary,no,286,yes,no,cellular,22,jul,167,9,-1,0,unknown,no
29,blue-collar,single,secondary,no,228,no,no,cellular,5,feb,355,1,-1,0,unknown,no
32,management,married,tertiary,no,2204,no,no,cellular,27,aug,123,4,-1,0,unknown,no
27,technician,married,secondary,no,58,yes,no,unknown,28,may,82,1,-1,0,unknown,no
45,blue-collar,married,secondary,no,521,yes,no,unknown,17,jun,259,3,-1,0,unknown,no
23,student,single,secondary,no,1809,no,no,cellular,8,jul,414,2,-1,0,unknown,yes
46,technician,married,secondary,no,3,yes,yes,cellular,12,may,614,3,-1,0,unknown,yes
31,self-employed,single,tertiary,no,2589,no,no,cellular,21,nov,614,1,-1,0,unknown,yes
22,admin.,single,secondary,no,-1,yes,no,unknown,9,may,136,1,-1,0,unknown,no
35,technician,single,tertiary,no,1880,no,no,cellular,20,may,154,1,-1,0,unknown,yes
51,admin.,divorced,secondary,no,228,yes,no,unknown,6,may,136,1,-1,0,unknown,no
54,blue-collar,divorced,primary,no,215,yes,no,unknown,4,jun,71,5,-1,0,unknown,no
37,management,single,tertiary,no,230,yes,yes,cellular,2,feb,120,2,272,1,failure,no
29,technician,single,tertiary,no,2485,no,no,telephone,24,jul,48,6,-1,0,unknown,no
37,management,married,tertiary,no,4436,no,no,cellular,13,aug,846,5,-1,0,unknown,yes
39,management,married,tertiary,no,562,no,no,cellular,13,sep,303,2,-1,0,unknown,no
30,blue-collar,single,secondary,no,1598,yes,no,cellular,10,jul,634,1,-1,0,unknown,yes
42,management,divorced,secondary,no,283,yes,no,cellular,23,jul,761,1,-1,0,unknown,yes
43,services,single,secondary,no,550,yes,no,cellular,13,may,107,2,-1,0,unknown,no
41,management,divorced,tertiary,no,1757,no,no,cellular,22,apr,314,1,239,13,failure,yes
50,admin.,single,secondary,no,167,no,yes,cellular,28,jul,201,3,-1,0,unknown,no
32,management,divorced,tertiary,no,787,yes,no,cellular,11,aug,72,2,-1,0,unknown,no
30,services,divorced,secondary,no,436,yes,no,cellular,17,jun,1720,1,-1,0,unknown,yes
46,student,single,unknown,no,1527,no,no,cellular,8,sep,358,3,184,1,success,yes
25,self-employed,single,tertiary,no,42,yes,no,cellular,3,mar,320,1,-1,0,unknown,yes
42,admin.,single,secondary,no,684,no,no,cellular,4,jun,207,1,-1,0,unknown,yes
47,admin.,married,secondary,no,3434,yes,yes,telephone,9,jul,337,1,-1,0,unknown,no
77,retired,married,secondary,no,4112,no,no,telephone,26,jan,1616,1,95,2,success,yes
37,blue-collar,married,secondary,no,1330,no,no,cellular,30,apr,390,1,-1,0,unknown,yes
42,admin.,married,secondary,no,281,yes,no,unknown,15,may,118,1,-1,0,unknown,no
30,management,single,tertiary,no,2876,no,no,cellular,6,aug,103,4,-1,0,unknown,no
54,housemaid,married,primary,no,167,yes,no,cellular,22,jul,106,2,-1,0,unknown,no
43,blue-collar,married,primary,no,3917,no,no,cellular,2,mar,154,1,-1,0,unknown,yes
46,technician,married,secondary,no,536,yes,no,unknown,16,jun,750,2,-1,0,unknown,yes
44,self-employed,divorced,secondary,no,8,no,no,cellular,26,jul,423,4,-1,0,unknown,yes
36,entrepreneur,divorced,tertiary,no,3407,no,no,cellular,16,mar,392,4,-1,0,unknown,yes
39,services,single,secondary,no,7066,yes,no,cellular,15,may,667,3,357,3,other,yes
38,technician,single,tertiary,no,5122,yes,no,cellular,20,nov,370,1,184,1,failure,no
35,technician,married,secondary,no,905,no,yes,cellular,21,aug,114,2,-1,0,unknown,no
28,blue-collar,single,primary,no,431,yes,no,cellular,13,may,68,2,363,2,failure,no
34,technician,married,secondary,no,294,yes,no,cellular,8,jun,301,3,-1,0,unknown,yes
30,management,single,tertiary,no,5561,yes,no,cellular,27,feb,195,1,100,1,success,yes
46,technician,married,tertiary,no,0,no,no,unknown,6,jun,159,1,-1,0,unknown,no
45,admin.,married,unknown,no,2033,no,no,cellular,28,may,48,4,-1,0,unknown,no
28,technician,single,tertiary,no,387,yes,no,cellular,20,apr,205,1,82,1,failure,yes
32,admin.,single,secondary,no,10218,yes,no,cellular,19,nov,149,2,-1,0,unknown,no
37,management,divorced,tertiary,no,0,yes,no,cellular,11,may,217,6,-1,0,unknown,no
35,technician,married,secondary,no,149,yes,no,cellular,29,jan,99,1,245,2,failure,no
40,blue-collar,married,primary,no,592,yes,no,cellular,18,may,80,3,350,2,failure,no
33,blue-collar,single,primary,no,611,no,no,telephone,16,sep,390,2,-1,0,unknown,yes
44,management,married,tertiary,no,70,no,no,cellular,20,aug,165,3,-1,0,unknown,no
37,technician,single,secondary,no,6714,yes,no,unknown,23,may,90,1,-1,0,unknown,no
45,management,married,tertiary,no,80,no,yes,cellular,19,nov,157,1,-1,0,unknown,no
42,admin.,married,secondary,no,445,yes,no,unknown,7,may,202,2,-1,0,unknown,no
69,retired,divorced,secondary,no,4572,no,no,telephone,27,oct,146,2,56,1,other,yes
60,blue-collar,married,primary,no,493,no,no,cellular,18,aug,671,4,-1,0,unknown,yes
57,retired,married,secondary,no,3783,yes,no,unknown,6,jun,198,3,-1,0,unknown,no
52,blue-collar,married,secondary,no,-519,yes,no,unknown,9,jun,442,8,-1,0,unknown,yes
30,management,single,tertiary,no,572,no,no,cellular,17,jun,339,3,183,2,success,yes
27,services,single,secondary,no,339,no,no,cellular,4,jun,182,1,-1,0,unknown,yes
39,management,married,tertiary,no,494,no,no,cellular,9,sep,216,1,183,5,success,yes
31,unemployed,married,secondary,no,86,yes,yes,unknown,3,jun,963,2,-1,0,unknown,yes
22,student,single,primary,no,3472,no,no,cellular,20,oct,332,1,183,3,failure,yes
30,technician,single,secondary,no,411,yes,no,cellular,16,apr,948,1,-1,0,unknown,no
52,management,married,tertiary,no,193,no,no,cellular,30,apr,381,1,269,1,failure,yes
35,blue-collar,married,primary,no,159,yes,yes,cellular,12,may,826,1,-1,0,unknown,yes
29,technician,single,secondary,no,706,yes,no,cellular,18,may,1340,1,-1,0,unknown,yes
42,blue-collar,married,secondary,no,443,yes,no,unknown,2,jun,671,5,-1,0,unknown,yes
35,services,single,primary,no,167,no,yes,cellular,11,jul,614,2,-1,0,unknown,yes
78,retired,divorced,secondary,no,3219,no,no,cellular,24,feb,151,1,-1,0,unknown,yes
36,blue-collar,married,secondary,no,561,yes,no,unknown,9,jun,198,2,-1,0,unknown,no
75,self-employed,married,unknown,no,4984,no,no,telephone,28,oct,509,1,-1,0,unknown,yes
36,services,divorced,secondary,no,223,yes,yes,cellular,11,may,80,1,-1,0,unknown,no
35,technician,married,secondary,no,13658,yes,no,telephone,9,dec,220,2,-1,0,unknown,no
58,management,divorced,tertiary,no,50,yes,no,unknown,3,jun,109,4,-1,0,unknown,no
34,entrepreneur,married,tertiary,no,105,yes,no,unknown,28,may,249,2,-1,0,unknown,no
27,technician,single,tertiary,no,393,no,no,cellular,1,apr,165,2,-1,0,unknown,yes
36,admin.,married,secondary,no,165,yes,no,unknown,23,may,456,4,-1,0,unknown,no
39,management,divorced,tertiary,no,3261,yes,no,unknown,9,jun,150,17,-1,0,unknown,no
30,services,single,secondary,no,438,yes,no,cellular,18,may,98,1,178,1,failure,no
31,management,single,tertiary,no,0,yes,no,cellular,8,sep,76,1,-1,0,unknown,no
39,management,married,tertiary,no,691,yes,yes,cellular,16,apr,517,1,255,1,failure,no
58,technician,married,secondary,no,1463,yes,no,cellular,12,aug,110,3,-1,0,unknown,no
40,technician,single,tertiary,no,431,no,no,cellular,7,jul,180,2,-1,0,unknown,yes
40,self-employed,married,secondary,no,0,no,no,unknown,19,jun,61,1,-1,0,unknown,no
20,student,single,unknown,no,755,no,no,cellular,29,dec,284,1,-1,0,unknown,yes
75,retired,married,primary,no,2970,no,no,cellular,12,aug,641,1,-1,0,unknown,yes
23,technician,single,secondary,no,356,yes,no,cellular,18,may,224,2,356,2,failure,no
31,blue-collar,single,secondary,yes,-575,yes,no,unknown,2,jun,153,9,-1,0,unknown,no
52,management,married,tertiary,no,6,no,no,telephone,19,oct,57,1,-1,0,unknown,no
23,blue-collar,single,secondary,no,780,yes,no,cellular,15,may,416,1,-1,0,unknown,yes
41,services,married,secondary,no,0,yes,no,unknown,5,may,114,2,-1,0,unknown,no
36,management,married,tertiary,no,4069,no,no,cellular,21,nov,517,1,-1,0,unknown,yes
51,technician,married,unknown,no,573,yes,yes,unknown,14,may,231,1,-1,0,unknown,no
32,self-employed,single,tertiary,no,1249,yes,no,cellular,19,nov,472,1,-1,0,unknown,yes
47,blue-collar,married,secondary,no,665,no,no,cellular,18,aug,885,3,-1,0,unknown,no
41,management,married,tertiary,no,0,yes,no,cellular,18,nov,897,3,-1,0,unknown,yes
52,unemployed,married,primary,no,959,no,no,telephone,30,jul,694,2,-1,0,unknown,yes
30,technician,single,secondary,no,656,no,yes,unknown,4,jul,523,1,-1,0,unknown,no
27,blue-collar,married,secondary,no,197,no,no,telephone,23,jul,222,1,-1,0,unknown,no
28,admin.,single,secondary,no,261,yes,yes,cellular,29,jan,254,3,142,6,success,yes
42,blue-collar,married,secondary,no,1958,yes,no,unknown,30,may,124,3,-1,0,unknown,no
34,management,married,tertiary,no,2037,no,no,cellular,15,dec,324,2,-1,0,unknown,yes
38,admin.,married,secondary,no,1767,yes,no,cellular,9,jul,483,4,239,7,success,yes
22,student,single,secondary,no,552,no,no,cellular,1,sep,327,1,-1,0,unknown,yes
39,technician,single,secondary,no,15,yes,no,cellular,30,apr,510,1,-1,0,unknown,yes
48,blue-collar,married,primary,no,492,no,yes,cellular,21,aug,139,2,-1,0,unknown,no
46,technician,married,secondary,no,332,yes,no,unknown,9,may,772,1,-1,0,unknown,yes
49,services,married,unknown,no,463,yes,no,telephone,15,jul,541,2,-1,0,unknown,no
42,blue-collar,married,primary,no,0,yes,yes,cellular,7,may,209,2,-1,0,unknown,no
34,self-employed,married,secondary,no,-56,yes,no,unknown,19,may,248,3,-1,0,unknown,no
48,management,married,tertiary,no,1,no,no,telephone,10,nov,248,1,-1,0,unknown,yes
64,retired,married,tertiary,no,1644,no,no,telephone,5,mar,341,4,179,4,success,yes
54,management,married,tertiary,no,8295,no,no,cellular,5,jun,207,1,-1,0,unknown,yes
47,management,single,tertiary,no,551,no,no,cellular,29,oct,124,1,-1,0,unknown,yes
34,entrepreneur,married,tertiary,no,0,yes,no,cellular,6,may,611,1,183,1,failure,yes
43,technician,married,tertiary,no,2643,no,no,cellular,12,aug,188,3,100,5,success,yes
23,student,single,secondary,no,381,no,no,cellular,23,feb,696,1,189,2,other,yes
37,unemployed,married,secondary,no,4769,no,no,cellular,29,jan,124,1,-1,0,unknown,no
24,student,single,secondary,no,23878,no,no,cellular,26,may,133,1,97,1,success,yes
27,student,single,secondary,no,111,no,no,cellular,7,jul,495,2,-1,0,unknown,yes
50,admin.,married,secondary,no,2678,no,no,telephone,30,jul,1011,6,-1,0,unknown,yes
61,retired,married,primary,no,56,no,no,cellular,7,sep,288,3,-1,0,unknown,yes
38,blue-collar,married,primary,no,1401,no,no,cellular,13,may,516,1,-1,0,unknown,yes
64,management,married,unknown,no,2352,no,no,cellular,4,may,153,2,182,11,success,yes
39,blue-collar,married,primary,no,-176,no,no,cellular,9,jul,176,1,-1,0,unknown,no
33,services,divorced,secondary,no,1117,no,no,cellular,2,jun,417,1,-1,0,unknown,yes
71,retired,divorced,secondary,no,0,no,no,cellular,26,feb,771,1,171,1,success,yes
28,blue-collar,single,secondary,no,322,no,no,telephone,11,sep,240,2,95,3,other,yes
33,blue-collar,married,primary,no,50,yes,no,cellular,7,may,246,2,-1,0,unknown,no
36,entrepreneur,married,tertiary,no,0,no,no,unknown,2,jun,87,3,-1,0,unknown,no
35,blue-collar,married,secondary,no,1330,no,no,cellular,10,jul,901,1,-1,0,unknown,yes
47,services,married,unknown,no,4822,yes,no,unknown,21,may,154,5,-1,0,unknown,no
59,unemployed,married,secondary,no,1047,no,no,cellular,18,feb,83,3,-1,0,unknown,yes
43,blue-collar,married,secondary,no,2160,no,no,cellular,2,jun,169,1,-1,0,unknown,yes
33,management,married,tertiary,no,1047,no,no,cellular,8,aug,512,4,-1,0,unknown,yes
37,admin.,married,secondary,no,96,no,no,cellular,7,aug,155,1,99,2,success,yes
44,blue-collar,single,primary,no,10984,no,no,unknown,20,jun,258,18,-1,0,unknown,no
36,admin.,divorced,secondary,no,1224,yes,no,cellular,12,nov,482,1,374,1,success,yes
83,retired,divorced,primary,no,46,no,no,cellular,25,mar,115,1,-1,0,unknown,yes
36,management,single,tertiary,no,-38,yes,no,unknown,14,may,784,1,-1,0,unknown,no
46,management,married,tertiary,no,385,yes,no,unknown,29,may,52,4,-1,0,unknown,no
26,management,single,tertiary,no,47,yes,no,cellular,18,may,63,1,-1,0,unknown,no
58,admin.,divorced,secondary,no,3337,yes,no,telephone,8,oct,369,2,690,3,failure,yes
40,management,married,secondary,no,754,no,yes,cellular,6,apr,635,1,-1,0,unknown,yes
58,admin.,married,secondary,no,92,yes,no,unknown,27,may,180,1,-1,0,unknown,no
51,housemaid,married,primary,no,1093,no,yes,unknown,18,jun,18,1,-1,0,unknown,no
43,management,married,tertiary,no,2383,no,no,cellular,13,aug,379,6,-1,0,unknown,yes
39,management,divorced,tertiary,no,224,no,no,cellular,2,jul,194,2,88,1,success,yes
46,management,married,secondary,no,149,no,no,cellular,21,nov,1222,2,-1,0,unknown,yes
35,management,married,tertiary,no,71,yes,no,cellular,30,apr,510,2,-1,0,unknown,no
54,blue-collar,divorced,secondary,no,615,no,yes,cellular,20,nov,230,1,-1,0,unknown,no
35,blue-collar,married,tertiary,no,5271,yes,no,cellular,14,apr,119,2,-1,0,unknown,no
34,admin.,married,secondary,no,1499,yes,no,cellular,13,apr,186,1,327,2,failure,no
58,retired,married,primary,no,1351,yes,no,telephone,17,apr,392,3,-1,0,unknown,no
26,technician,single,tertiary,no,192,yes,no,unknown,15,may,477,1,-1,0,unknown,no
36,blue-collar,married,secondary,no,324,yes,yes,cellular,16,jul,830,1,-1,0,unknown,yes
57,admin.,married,secondary,no,2120,no,no,cellular,19,aug,687,4,-1,0,unknown,yes
33,management,single,tertiary,no,2485,yes,no,cellular,2,nov,91,2,-1,0,unknown,no
49,blue-collar,married,primary,no,3,no,yes,cellular,9,jul,1439,6,-1,0,unknown,yes
39,management,single,tertiary,no,1682,yes,no,cellular,19,nov,147,1,170,1,failure,no
39,blue-collar,married,primary,no,186,yes,no,unknown,16,may,208,3,-1,0,unknown,no
52,entrepreneur,divorced,secondary,no,105,no,yes,telephone,22,jul,275,4,-1,0,unknown,no
37,self-employed,divorced,tertiary,no,60,no,yes,unknown,4,jul,426,3,-1,0,unknown,no
37,services,married,secondary,no,144,yes,no,cellular,20,apr,724,2,-1,0,unknown,no
31,technician,single,tertiary,no,882,no,no,cellular,4,sep,293,1,93,1,success,yes
38,blue-collar,married,primary,no,362,yes,no,unknown,8,may,100,5,-1,0,unknown,no
36,technician,married,tertiary,no,202,no,no,cellular,29,jan,313,1,120,3,failure,yes
54,admin.,divorced,secondary,no,0,yes,yes,cellular,4,feb,330,1,182,3,success,no
54,management,married,tertiary,no,1464,no,no,cellular,2,oct,194,2,94,1,success,yes
32,technician,single,tertiary,no,1246,yes,no,cellular,30,apr,509,1,85,2,success,yes
36,management,divorced,tertiary,no,-978,yes,no,cellular,13,may,62,3,-1,0,unknown,no
54,technician,married,secondary,no,114,no,no,cellular,30,jul,458,3,-1,0,unknown,yes
35,management,single,tertiary,no,2306,no,no,cellular,18,aug,86,7,-1,0,unknown,no
59,blue-collar,divorced,primary,no,989,no,no,cellular,20,jul,125,2,-1,0,unknown,yes
59,admin.,married,secondary,no,1575,yes,no,cellular,22,aug,1241,11,-1,0,unknown,yes
56,blue-collar,married,unknown,no,260,yes,no,telephone,30,jul,250,2,-1,0,unknown,no
51,technician,married,secondary,no,-1944,yes,no,cellular,7,may,623,1,-1,0,unknown,yes
47,admin.,married,tertiary,no,12276,no,no,unknown,20,jun,77,5,-1,0,unknown,no
33,blue-collar,married,secondary,no,-81,yes,no,cellular,29,jan,339,2,-1,0,unknown,no
36,management,married,tertiary,no,254,no,no,cellular,3,feb,303,2,-1,0,unknown,yes
42,management,divorced,tertiary,no,238,no,no,cellular,25,sep,692,1,-1,0,unknown,yes
37,management,married,tertiary,no,-57,yes,no,cellular,31,jul,37,20,-1,0,unknown,no
51,management,divorced,tertiary,no,1937,yes,no,cellular,18,nov,185,4,152,11,other,no
31,services,single,secondary,no,85,no,no,cellular,16,jul,151,1,-1,0,unknown,no
44,housemaid,married,secondary,no,281,yes,no,unknown,8,may,604,1,-1,0,unknown,no
31,unemployed,single,secondary,no,2616,no,no,cellular,21,may,374,1,185,2,other,yes
35,technician,single,tertiary,no,2658,yes,no,cellular,19,aug,768,2,141,3,failure,yes
30,unemployed,single,secondary,no,0,yes,no,cellular,16,apr,137,1,-1,0,unknown,no
26,admin.,married,secondary,no,1595,no,no,cellular,15,jun,155,1,105,1,failure,yes
53,blue-collar,divorced,secondary,no,640,yes,no,cellular,11,may,321,2,-1,0,unknown,no
43,housemaid,married,secondary,no,150,no,no,telephone,28,jul,290,7,-1,0,unknown,no
36,services,married,secondary,no,4721,no,no,cellular,9,mar,288,2,90,3,success,yes
39,blue-collar,married,secondary,no,138,no,no,unknown,9,jun,61,2,-1,0,unknown,no
57,services,married,secondary,no,84,yes,no,unknown,15,may,59,1,-1,0,unknown,no
36,technician,married,tertiary,no,1109,no,no,cellular,13,aug,328,2,-1,0,unknown,no
37,admin.,married,secondary,no,1314,yes,no,cellular,12,feb,118,4,210,3,failure,yes
40,management,divorced,tertiary,no,858,no,no,cellular,26,oct,202,2,-1,0,unknown,yes
39,services,divorced,secondary,yes,-96,yes,yes,telephone,12,may,38,6,-1,0,unknown,no
38,student,married,unknown,no,0,no,no,cellular,8,jul,341,1,385,1,failure,yes
32,blue-collar,married,secondary,no,43,yes,no,unknown,21,may,173,2,-1,0,unknown,no
41,management,married,tertiary,no,144,no,no,cellular,27,feb,123,3,-1,0,unknown,no
29,student,single,tertiary,no,5,no,no,cellular,15,jul,889,5,-1,0,unknown,yes
26,student,single,secondary,no,0,no,no,cellular,2,feb,1223,2,-1,0,unknown,yes
27,services,single,secondary,no,302,no,no,cellular,3,jul,203,1,-1,0,unknown,yes
52,management,married,tertiary,no,4675,no,no,cellular,12,feb,181,3,-1,0,unknown,yes
52,housemaid,married,primary,no,10943,no,no,cellular,16,sep,292,1,-1,0,unknown,yes
53,admin.,divorced,secondary,no,0,yes,yes,cellular,30,apr,586,2,-1,0,unknown,no
39,technician,single,unknown,no,45248,yes,no,unknown,6,may,1623,1,-1,0,unknown,yes
31,housemaid,single,tertiary,no,596,no,no,telephone,28,jan,30,1,-1,0,unknown,no
40,management,married,tertiary,no,3352,yes,no,cellular,19,nov,639,2,27,1,success,yes
60,retired,married,secondary,no,5632,yes,no,cellular,30,jul,380,7,-1,0,unknown,no
45,management,single,tertiary,no,4831,no,no,cellular,29,jan,479,11,-1,0,unknown,yes
53,technician,married,unknown,no,2242,no,no,cellular,10,jul,154,14,-1,0,unknown,no
48,technician,single,secondary,no,-92,yes,no,cellular,3,feb,1393,1,-1,0,unknown,yes
34,admin.,single,secondary,no,303,no,no,cellular,4,jun,282,3,126,3,failure,yes
67,retired,married,secondary,no,2048,no,no,cellular,16,sep,452,5,195,4,other,yes
36,management,married,tertiary,no,1604,yes,no,unknown,11,jun,47,3,-1,0,unknown,no
38,management,single,tertiary,no,1515,yes,no,telephone,31,jul,42,5,-1,0,unknown,no
32,admin.,married,secondary,no,-1,no,no,cellular,8,jul,228,2,-1,0,unknown,no
32,management,single,tertiary,no,131,yes,no,cellular,11,aug,112,1,81,1,other,no
48,blue-collar,married,primary,no,816,yes,no,cellular,31,jul,114,7,-1,0,unknown,no
58,retired,married,secondary,no,1230,no,no,cellular,20,may,420,1,87,1,failure,yes
35,services,married,secondary,no,377,no,yes,cellular,31,jul,30,13,-1,0,unknown,no
56,retired,married,tertiary,no,5769,no,no,unknown,20,jun,15,3,-1,0,unknown,no
50,technician,married,secondary,no,103,yes,no,cellular,3,feb,109,4,267,6,failure,no
30,management,single,tertiary,no,102,yes,no,cellular,18,dec,364,3,-1,0,unknown,yes
48,blue-collar,married,primary,no,418,yes,no,unknown,9,may,102,3,-1,0,unknown,no
28,blue-collar,married,secondary,no,-470,yes,no,cellular,7,may,275,2,-1,0,unknown,no
56,retired,divorced,secondary,no,389,yes,no,unknown,18,jun,379,5,-1,0,unknown,no
25,blue-collar,single,secondary,no,-247,yes,no,cellular,23,jul,633,1,-1,0,unknown,yes
37,management,married,tertiary,no,2672,yes,no,cellular,11,aug,549,1,-1,0,unknown,no
36,management,single,tertiary,no,13,no,yes,cellular,18,nov,106,1,-1,0,unknown,no
36,services,married,secondary,no,981,no,no,unknown,16,jun,1093,1,-1,0,unknown,yes
52,admin.,single,unknown,no,2227,no,no,cellular,24,feb,242,2,-1,0,unknown,yes
32,management,married,tertiary,no,2213,no,no,cellular,29,jan,125,2,154,7,failure,no
45,blue-collar,divorced,primary,no,-311,yes,no,unknown,23,may,1030,1,-1,0,unknown,yes
32,management,single,tertiary,no,1271,yes,no,unknown,20,may,51,1,-1,0,unknown,no
38,management,married,tertiary,no,4293,yes,no,cellular,6,may,92,2,250,2,failure,no
39,technician,single,tertiary,no,25,yes,no,cellular,28,dec,315,1,210,2,success,yes
27,blue-collar,single,secondary,no,87,no,no,telephone,10,jul,245,1,-1,0,unknown,no
29,blue-collar,married,secondary,no,-28,yes,no,unknown,12,may,393,1,-1,0,unknown,no
44,admin.,married,secondary,no,205,no,no,cellular,3,nov,289,1,-1,0,unknown,yes
41,admin.,married,primary,no,-306,yes,no,unknown,15,may,500,1,-1,0,unknown,yes
44,blue-collar,married,secondary,yes,105,yes,no,cellular,20,apr,586,1,-1,0,unknown,yes
50,entrepreneur,married,primary,no,461,yes,no,unknown,15,may,651,32,-1,0,unknown,yes
37,admin.,single,secondary,no,781,no,no,cellular,20,aug,75,1,-1,0,unknown,no
28,technician,single,tertiary,no,1628,yes,no,cellular,25,jul,1422,2,-1,0,unknown,yes
25,blue-collar,single,primary,no,-221,yes,no,unknown,23,may,250,1,-1,0,unknown,no
48,blue-collar,married,primary,no,343,no,no,unknown,19,jun,136,1,-1,0,unknown,no
71,retired,married,tertiary,no,4388,no,no,cellular,8,jul,896,2,-1,0,unknown,yes
44,blue-collar,married,unknown,no,15578,yes,no,unknown,29,may,401,1,-1,0,unknown,no
29,services,married,secondary,no,1135,yes,no,cellular,17,feb,323,1,-1,0,unknown,yes
48,admin.,single,secondary,no,1544,yes,no,telephone,30,jun,263,1,450,2,failure,yes
38,technician,divorced,secondary,no,902,yes,no,cellular,3,feb,650,1,-1,0,unknown,yes
69,retired,married,primary,no,2398,no,no,cellular,12,apr,161,1,186,1,failure,no
40,admin.,married,secondary,no,1412,no,no,cellular,31,jul,48,3,-1,0,unknown,no
58,admin.,married,secondary,no,855,no,no,cellular,14,aug,81,2,-1,0,unknown,no
34,admin.,married,secondary,no,79,yes,no,unknown,23,may,83,1,-1,0,unknown,no
43,management,single,tertiary,no,483,no,no,cellular,19,aug,950,6,-1,0,unknown,yes
40,blue-collar,married,secondary,no,1938,yes,no,cellular,7,may,228,1,-1,0,unknown,no
55,housemaid,married,primary,no,10,no,no,cellular,4,feb,174,3,-1,0,unknown,no
45,blue-collar,married,primary,no,1794,yes,no,unknown,14,may,174,2,-1,0,unknown,no
25,admin.,single,secondary,no,184,no,yes,telephone,11,jul,437,7,-1,0,unknown,no
36,management,single,tertiary,no,219,no,no,cellular,3,feb,22,6,196,6,failure,no
36,technician,married,tertiary,no,911,yes,yes,cellular,4,may,275,3,-1,0,unknown,no
30,management,single,secondary,no,186,yes,no,cellular,20,nov,235,3,-1,0,unknown,no
41,blue-collar,married,secondary,no,1020,yes,no,unknown,29,may,276,1,-1,0,unknown,no
40,services,married,primary,no,1082,yes,no,unknown,30,may,854,2,-1,0,unknown,yes
33,technician,single,tertiary,no,1393,yes,no,cellular,18,jul,1127,3,-1,0,unknown,yes
59,management,married,tertiary,no,1783,no,yes,cellular,17,nov,540,2,-1,0,unknown,yes
41,admin.,married,tertiary,no,1536,no,no,cellular,7,aug,273,1,95,2,failure,yes
31,blue-collar,married,secondary,no,2,yes,no,unknown,20,may,182,2,-1,0,unknown,yes
41,blue-collar,married,secondary,no,393,yes,yes,cellular,10,jul,122,1,-1,0,unknown,no
29,blue-collar,single,secondary,no,16,no,no,unknown,12,may,197,3,-1,0,unknown,no
38,technician,divorced,secondary,no,631,yes,no,cellular,25,aug,343,2,-1,0,unknown,no
43,blue-collar,married,secondary,no,1324,yes,no,telephone,12,may,179,5,-1,0,unknown,no
39,management,married,tertiary,no,1836,no,no,cellular,6,aug,902,3,-1,0,unknown,yes
45,admin.,divorced,secondary,no,397,yes,yes,cellular,22,may,582,1,95,2,success,yes
29,student,single,secondary,no,314,no,no,cellular,13,aug,485,3,105,1,success,no
37,management,married,tertiary,no,26,no,no,cellular,17,jun,151,7,62,4,failure,no
37,blue-collar,married,primary,no,708,yes,no,telephone,2,feb,51,1,-1,0,unknown,no
33,management,single,tertiary,no,816,yes,no,cellular,11,oct,383,2,503,2,failure,yes
36,blue-collar,married,primary,no,319,yes,no,cellular,13,may,774,2,301,1,failure,yes
50,management,divorced,tertiary,no,405,no,no,cellular,2,apr,82,6,-1,0,unknown,no
56,technician,married,secondary,no,6619,yes,no,telephone,4,nov,465,1,-1,0,unknown,yes
50,management,single,unknown,no,1277,no,no,cellular,4,may,63,1,-1,0,unknown,no
34,admin.,single,secondary,no,846,yes,no,cellular,17,apr,758,2,-1,0,unknown,no
26,student,single,secondary,no,4613,no,no,cellular,28,may,663,3,196,2,other,yes
58,retired,married,secondary,no,2714,no,no,cellular,26,may,165,1,287,2,failure,yes
44,housemaid,married,primary,no,3706,no,no,unknown,17,jun,209,3,-1,0,unknown,no
77,retired,married,primary,no,2590,no,no,telephone,13,nov,212,3,277,12,failure,yes
51,technician,married,tertiary,no,1347,yes,yes,cellular,10,feb,160,1,243,1,failure,yes
27,admin.,single,secondary,no,125,no,no,cellular,21,jul,104,1,288,8,failure,no
33,services,divorced,secondary,no,44,no,yes,cellular,23,jul,529,1,-1,0,unknown,yes
61,retired,married,tertiary,no,2557,yes,no,cellular,11,aug,139,3,190,1,success,yes
36,technician,married,tertiary,no,4596,yes,no,cellular,16,apr,901,2,-1,0,unknown,yes
37,admin.,married,secondary,no,274,yes,no,unknown,27,may,731,3,-1,0,unknown,yes
32,self-employed,divorced,tertiary,no,3271,no,no,cellular,4,may,949,3,-1,0,unknown,yes
40,blue-collar,married,primary,no,1206,no,yes,telephone,16,jul,201,5,-1,0,unknown,no
59,technician,divorced,secondary,no,2595,yes,no,cellular,29,aug,398,2,-1,0,unknown,no
38,management,married,tertiary,no,413,no,no,cellular,13,oct,252,2,183,3,success,yes
45,blue-collar,single,primary,no,116,no,no,unknown,13,apr,122,1,-1,0,unknown,yes
36,blue-collar,divorced,primary,no,17,yes,no,cellular,16,jul,329,1,-1,0,unknown,no
28,unknown,single,unknown,no,326,no,no,cellular,11,oct,450,1,231,1,success,yes
55,services,single,secondary,no,-40,yes,no,unknown,12,may,178,2,-1,0,unknown,no
33,services,single,secondary,no,1852,no,no,telephone,25,feb,371,1,204,3,other,no
20,student,single,primary,no,0,no,no,cellular,1,feb,143,5,91,8,failure,no
27,housemaid,married,secondary,yes,65,yes,yes,cellular,17,jul,59,1,-1,0,unknown,no
53,technician,married,secondary,no,1776,no,no,unknown,18,jun,443,7,-1,0,unknown,no
29,management,single,tertiary,no,224,yes,no,cellular,24,apr,65,2,81,3,failure,yes
26,technician,single,secondary,no,507,no,no,cellular,30,apr,380,1,-1,0,unknown,yes
40,blue-collar,married,secondary,no,1515,yes,no,cellular,10,aug,503,1,-1,0,unknown,yes
39,technician,single,secondary,no,506,yes,no,cellular,7,jul,718,2,-1,0,unknown,yes
39,blue-collar,divorced,secondary,no,36,yes,no,unknown,12,may,109,2,-1,0,unknown,no
38,student,single,unknown,no,64,no,no,cellular,6,aug,789,1,-1,0,unknown,no
31,blue-collar,married,primary,no,-537,yes,yes,cellular,21,jul,1039,7,-1,0,unknown,yes
30,management,single,tertiary,no,3773,yes,no,unknown,27,may,99,1,-1,0,unknown,no
40,technician,divorced,secondary,no,2394,no,no,unknown,9,jun,75,4,-1,0,unknown,no
35,technician,married,tertiary,no,944,no,no,cellular,8,aug,351,2,-1,0,unknown,no
38,blue-collar,married,secondary,no,3598,no,no,unknown,6,jun,154,1,-1,0,unknown,no
42,admin.,divorced,secondary,no,936,no,no,cellular,30,jan,931,1,-1,0,unknown,yes
28,management,single,tertiary,no,6551,no,no,cellular,23,sep,203,1,-1,0,unknown,yes
43,management,married,tertiary,no,1379,yes,no,unknown,27,may,383,3,-1,0,unknown,no
30,technician,married,secondary,no,-306,yes,yes,cellular,18,nov,372,1,186,1,failure,no
55,services,single,secondary,no,1539,no,no,unknown,20,jun,65,2,-1,0,unknown,no
39,unemployed,married,secondary,no,2245,no,no,cellular,21,nov,749,2,-1,0,unknown,yes
59,management,divorced,tertiary,no,0,no,no,telephone,30,jul,196,3,-1,0,unknown,no
27,student,single,tertiary,no,5291,no,no,cellular,12,nov,192,2,92,2,failure,yes
28,technician,single,tertiary,no,0,yes,no,cellular,25,may,269,1,40,2,failure,yes
36,management,single,tertiary,no,20,yes,no,cellular,20,apr,766,2,150,3,other,no
39,management,divorced,tertiary,no,2193,yes,yes,unknown,2,jun,550,3,-1,0,unknown,no
31,admin.,married,secondary,no,2,yes,yes,cellular,12,may,703,4,-1,0,unknown,yes
37,management,married,tertiary,no,586,yes,no,cellular,11,jul,141,2,-1,0,unknown,no
53,management,married,tertiary,no,5261,no,yes,cellular,25,jul,1209,3,-1,0,unknown,no
42,management,married,tertiary,no,1275,yes,yes,cellular,21,nov,925,5,-1,0,unknown,yes
30,unemployed,single,secondary,no,2424,no,no,cellular,15,feb,337,1,95,2,success,yes
37,management,married,tertiary,no,1113,no,no,cellular,2,mar,229,1,182,1,success,yes
47,management,married,tertiary,no,0,no,no,unknown,5,jun,265,2,-1,0,unknown,no
32,technician,married,secondary,no,1547,no,no,cellular,26,oct,289,1,805,4,other,yes
36,blue-collar,divorced,secondary,no,638,yes,no,unknown,16,jun,1395,2,-1,0,unknown,yes
49,self-employed,divorced,secondary,no,6116,yes,no,cellular,21,nov,43,1,-1,0,unknown,no
42,technician,single,secondary,no,1364,yes,no,unknown,15,may,1867,6,-1,0,unknown,yes
35,management,single,tertiary,no,1162,no,no,cellular,30,apr,175,1,-1,0,unknown,yes
38,technician,single,secondary,no,3278,no,no,cellular,19,aug,645,14,-1,0,unknown,yes
31,management,single,tertiary,no,1675,no,no,cellular,2,sep,114,2,363,1,failure,no
30,admin.,divorced,secondary,no,419,no,no,cellular,3,sep,72,2,-1,0,unknown,no
47,blue-collar,married,secondary,no,863,yes,no,unknown,19,may,943,2,-1,0,unknown,yes
31,blue-collar,single,secondary,no,54,yes,no,cellular,29,jun,401,1,-1,0,unknown,yes
59,retired,divorced,secondary,no,679,no,no,cellular,30,jul,761,4,-1,0,unknown,yes
49,management,married,tertiary,no,350,no,no,cellular,12,aug,238,6,-1,0,unknown,no
28,student,single,secondary,no,1925,no,no,cellular,25,nov,487,1,97,2,failure,yes
82,retired,married,secondary,no,276,no,no,telephone,17,aug,199,1,-1,0,unknown,yes
46,management,married,primary,no,3229,yes,no,cellular,20,apr,1550,1,-1,0,unknown,yes
55,blue-collar,married,secondary,no,49,yes,no,cellular,7,jul,494,4,-1,0,unknown,yes
34,blue-collar,married,secondary,no,2495,yes,no,unknown,23,may,924,1,-1,0,unknown,yes
22,self-employed,single,secondary,no,2138,no,yes,cellular,10,aug,164,1,109,2,other,yes
77,retired,married,primary,no,2590,no,no,telephone,15,feb,112,5,94,15,success,no
34,technician,single,secondary,no,664,yes,yes,cellular,11,may,88,2,343,2,other,no
33,technician,married,tertiary,no,2728,no,no,cellular,5,aug,295,2,-1,0,unknown,no
25,technician,single,secondary,no,102,no,yes,cellular,8,jul,574,2,-1,0,unknown,yes
51,management,single,unknown,no,-461,yes,no,unknown,28,may,33,2,-1,0,unknown,no
49,housemaid,married,primary,no,0,yes,no,cellular,25,jul,42,3,-1,0,unknown,no
19,student,single,secondary,no,302,no,no,cellular,16,jul,205,1,-1,0,unknown,yes
30,blue-collar,single,secondary,no,103,yes,no,cellular,17,apr,2053,2,317,1,other,no
40,services,married,secondary,no,2346,no,no,unknown,16,jun,182,3,-1,0,unknown,no
26,technician,single,secondary,no,1231,yes,no,cellular,4,sep,230,1,93,7,success,yes
46,management,married,tertiary,no,11385,no,no,cellular,24,mar,269,3,-1,0,unknown,yes
33,management,married,tertiary,no,334,no,no,cellular,25,nov,87,1,-1,0,unknown,no
41,blue-collar,single,primary,no,22,yes,no,unknown,14,may,152,1,-1,0,unknown,no
50,services,married,secondary,no,901,yes,no,unknown,20,jun,8,6,-1,0,unknown,no
39,management,divorced,tertiary,no,517,yes,yes,unknown,14,may,1328,1,-1,0,unknown,yes
28,management,single,tertiary,no,203,no,no,cellular,29,jan,145,2,-1,0,unknown,no
56,admin.,married,secondary,no,33,no,yes,cellular,19,nov,111,1,-1,0,unknown,no
49,management,married,secondary,no,249,no,no,telephone,6,nov,234,1,-1,0,unknown,yes
34,blue-collar,married,secondary,no,320,yes,no,cellular,12,aug,352,1,828,2,failure,yes
45,admin.,married,secondary,no,1214,yes,no,cellular,2,feb,150,2,189,2,failure,no
43,services,married,secondary,no,43,yes,no,cellular,18,may,199,1,-1,0,unknown,no
34,blue-collar,married,secondary,no,320,yes,no,cellular,12,nov,413,1,92,3,success,yes
40,self-employed,married,secondary,no,311,yes,no,unknown,20,may,723,2,-1,0,unknown,no
39,technician,married,tertiary,no,1293,no,no,cellular,3,jun,140,2,-1,0,unknown,yes
31,management,single,tertiary,no,-201,yes,no,cellular,22,aug,81,4,-1,0,unknown,no
29,technician,single,tertiary,no,615,yes,no,cellular,18,may,373,1,-1,0,unknown,yes
47,blue-collar,married,secondary,yes,-614,yes,no,unknown,26,may,118,2,-1,0,unknown,no
59,housemaid,married,tertiary,no,0,no,no,telephone,13,nov,494,1,-1,0,unknown,yes
39,blue-collar,married,unknown,no,621,yes,no,cellular,20,apr,1333,5,-1,0,unknown,yes
47,entrepreneur,married,unknown,no,1481,yes,no,cellular,6,may,64,2,364,3,failure,no
45,technician,married,tertiary,no,377,yes,no,unknown,19,jun,835,3,-1,0,unknown,yes
42,management,married,tertiary,no,294,no,no,cellular,26,aug,513,1,-1,0,unknown,yes
35,blue-collar,married,secondary,no,270,yes,yes,cellular,6,apr,332,2,335,1,failure,no
41,admin.,single,secondary,no,2002,yes,no,cellular,15,may,172,2,350,1,failure,no
39,services,married,secondary,no,25,yes,yes,cellular,12,may,658,1,351,3,failure,yes
26,admin.,single,primary,no,-122,yes,no,unknown,23,jun,670,3,-1,0,unknown,yes
53,technician,married,tertiary,no,476,yes,no,cellular,28,jan,160,1,-1,0,unknown,no
32,admin.,married,secondary,no,20011,no,no,cellular,20,apr,234,1,-1,0,unknown,no
49,services,married,primary,no,1830,yes,no,cellular,15,feb,136,1,-1,0,unknown,yes
28,student,single,tertiary,no,1562,no,no,cellular,15,feb,659,4,-1,0,unknown,yes
48,technician,married,secondary,no,568,yes,no,cellular,2,sep,378,2,386,1,success,yes
34,technician,divorced,secondary,no,27,yes,no,unknown,26,may,133,3,-1,0,unknown,no
40,blue-collar,married,primary,no,57,yes,no,cellular,31,jul,1007,9,-1,0,unknown,yes
33,management,divorced,secondary,no,5,yes,no,unknown,13,may,1346,1,-1,0,unknown,yes
40,admin.,married,secondary,no,2574,yes,no,cellular,15,may,432,1,176,1,failure,yes
40,entrepreneur,married,primary,no,3676,yes,yes,unknown,15,may,101,1,-1,0,unknown,no
35,blue-collar,married,secondary,no,262,no,no,cellular,15,mar,427,1,181,3,success,yes
42,blue-collar,single,primary,no,-68,yes,yes,unknown,26,may,167,1,-1,0,unknown,no
68,retired,married,secondary,no,1443,no,no,telephone,21,dec,2062,2,257,1,success,yes
31,management,single,tertiary,no,3283,no,no,cellular,2,feb,258,1,73,1,failure,yes
39,management,single,tertiary,no,763,no,no,cellular,22,feb,543,1,189,1,failure,yes
33,technician,married,secondary,no,-616,yes,yes,unknown,27,may,320,1,-1,0,unknown,no
54,admin.,divorced,secondary,no,200,no,no,cellular,3,jun,170,1,-1,0,unknown,yes
35,blue-collar,married,secondary,no,80,yes,yes,cellular,21,nov,38,2,172,2,failure,no
32,self-employed,married,tertiary,no,1214,no,no,cellular,11,aug,104,2,-1,0,unknown,no
32,services,married,primary,no,228,yes,no,cellular,21,jul,1017,6,-1,0,unknown,yes
33,technician,married,secondary,no,484,yes,no,cellular,16,aug,205,3,182,9,success,yes
29,technician,divorced,secondary,no,477,yes,yes,cellular,11,may,58,1,305,1,failure,no
35,blue-collar,married,primary,no,526,yes,no,cellular,2,feb,914,2,-1,0,unknown,no
49,unemployed,married,primary,no,518,no,no,cellular,29,jan,1917,2,-1,0,unknown,yes
62,blue-collar,married,secondary,no,180,no,no,cellular,14,jan,183,1,90,4,other,yes
81,retired,married,primary,no,243,no,no,cellular,27,oct,131,1,-1,0,unknown,yes
60,management,married,tertiary,no,315,no,no,cellular,1,sep,840,1,183,3,success,yes
34,entrepreneur,divorced,tertiary,no,262,no,no,cellular,20,nov,371,1,-1,0,unknown,no
50,self-employed,married,secondary,no,1138,no,no,cellular,14,aug,219,10,-1,0,unknown,no
33,admin.,single,tertiary,no,193,no,no,unknown,5,may,132,2,-1,0,unknown,no
42,management,married,secondary,no,372,yes,no,telephone,31,jul,130,8,-1,0,unknown,no
33,services,single,tertiary,no,1595,yes,no,unknown,26,may,296,1,-1,0,unknown,no
36,management,divorced,tertiary,yes,36,no,no,cellular,6,aug,836,4,-1,0,unknown,yes
26,student,single,secondary,no,132,no,no,cellular,1,oct,194,1,119,1,success,yes
35,blue-collar,married,primary,no,105,yes,no,unknown,8,may,369,2,-1,0,unknown,no
28,blue-collar,single,secondary,no,-46,yes,no,cellular,1,jun,154,2,91,12,success,yes
23,student,single,tertiary,no,691,no,no,cellular,27,may,1178,1,178,6,success,yes
60,retired,married,secondary,no,2722,no,no,cellular,12,aug,506,2,-1,0,unknown,yes
23,self-employed,single,tertiary,no,780,no,no,cellular,16,sep,393,1,183,3,success,yes
55,admin.,married,secondary,no,8304,no,no,cellular,1,jun,201,1,-1,0,unknown,yes
31,services,married,secondary,no,28,yes,no,unknown,8,may,101,1,-1,0,unknown,no
32,technician,single,secondary,no,1995,yes,no,cellular,20,apr,121,1,-1,0,unknown,yes
39,services,divorced,secondary,no,1957,yes,yes,cellular,20,nov,47,1,-1,0,unknown,no
35,management,single,tertiary,no,681,no,no,cellular,18,feb,737,1,561,2,success,yes
24,student,single,tertiary,no,235,no,no,cellular,9,nov,118,1,-1,0,unknown,yes
47,services,married,secondary,no,1111,no,no,unknown,20,jun,415,4,-1,0,unknown,no
38,management,married,tertiary,no,590,no,no,cellular,31,jul,49,2,-1,0,unknown,no
31,blue-collar,married,secondary,no,92,yes,no,unknown,16,may,688,1,-1,0,unknown,yes
43,unemployed,single,primary,no,698,yes,no,unknown,14,may,322,1,-1,0,unknown,no
31,management,single,tertiary,no,165,no,yes,cellular,8,aug,523,2,-1,0,unknown,yes
47,admin.,married,secondary,no,29,no,yes,cellular,22,aug,150,8,-1,0,unknown,no
56,management,married,tertiary,no,12356,yes,no,cellular,26,may,410,1,551,5,other,yes
31,blue-collar,divorced,secondary,no,-209,yes,no,cellular,8,may,154,3,367,2,failure,no
33,blue-collar,married,secondary,no,0,yes,no,cellular,19,nov,330,2,-1,0,unknown,no
54,services,single,secondary,no,0,no,no,cellular,23,sep,209,1,-1,0,unknown,yes
39,management,married,tertiary,no,378,yes,yes,unknown,5,may,127,2,-1,0,unknown,no
26,student,single,tertiary,no,641,yes,no,cellular,15,may,55,1,368,1,failure,no
53,technician,married,secondary,no,65,no,no,cellular,25,nov,99,1,92,2,failure,no
30,technician,single,secondary,no,-754,yes,yes,unknown,26,may,974,1,-1,0,unknown,no
49,management,married,secondary,no,1601,no,no,cellular,29,jul,47,5,-1,0,unknown,no
30,blue-collar,married,secondary,no,1664,yes,no,telephone,20,oct,2016,1,-1,0,unknown,yes
28,admin.,single,secondary,no,25,yes,no,unknown,5,jun,109,2,-1,0,unknown,no
42,unknown,single,unknown,no,942,no,no,cellular,27,jan,245,1,92,2,success,yes
29,technician,single,secondary,no,1165,no,no,cellular,3,dec,244,2,184,1,success,yes
45,blue-collar,married,primary,no,101,yes,no,unknown,12,may,460,5,-1,0,unknown,yes
32,management,single,secondary,no,131,yes,yes,cellular,23,jul,1152,2,-1,0,unknown,yes
49,blue-collar,married,secondary,no,598,yes,no,cellular,15,may,219,6,-1,0,unknown,no
61,retired,married,secondary,no,3114,no,no,cellular,13,nov,381,1,-1,0,unknown,yes
25,student,single,secondary,no,304,no,no,cellular,26,may,226,2,-1,0,unknown,yes
32,management,single,tertiary,no,2551,yes,no,cellular,21,jul,638,3,-1,0,unknown,yes
30,management,married,tertiary,no,4328,no,no,cellular,30,apr,262,3,189,11,other,yes
20,student,single,secondary,no,215,no,no,cellular,24,nov,325,1,95,5,success,yes
46,management,single,secondary,no,244,yes,no,unknown,15,may,244,1,-1,0,unknown,no
76,housemaid,divorced,primary,no,1411,no,no,telephone,19,oct,233,2,187,3,success,yes
32,technician,single,tertiary,no,5514,no,no,cellular,22,apr,319,1,182,1,success,yes
36,unemployed,married,tertiary,no,154,no,no,cellular,26,aug,556,7,-1,0,unknown,yes
52,technician,married,secondary,no,371,yes,yes,cellular,21,oct,453,1,183,3,success,yes
37,unemployed,single,tertiary,no,1291,no,no,cellular,5,aug,150,1,97,2,success,yes
42,technician,single,secondary,no,275,no,no,cellular,26,aug,31,8,-1,0,unknown,no
35,unemployed,married,secondary,no,978,no,no,cellular,29,dec,1370,3,209,3,success,yes
37,technician,single,tertiary,no,197,no,no,cellular,15,feb,531,1,91,2,success,yes
39,admin.,single,secondary,no,6512,no,no,unknown,20,jun,16,6,-1,0,unknown,no
31,admin.,married,secondary,no,685,yes,no,cellular,15,may,552,1,329,3,failure,yes
37,management,married,tertiary,no,636,no,yes,unknown,5,jun,338,2,-1,0,unknown,no
51,blue-collar,married,primary,no,230,yes,no,unknown,6,may,673,1,-1,0,unknown,no
60,retired,married,secondary,no,523,no,no,cellular,11,feb,467,1,182,3,success,yes
27,admin.,married,secondary,no,-97,yes,no,unknown,18,jun,1528,2,-1,0,unknown,yes
52,unemployed,married,secondary,no,1639,no,no,cellular,8,aug,93,1,-1,0,unknown,no
31,entrepreneur,married,tertiary,no,1216,no,no,cellular,8,aug,150,4,-1,0,unknown,no
60,technician,married,tertiary,no,91,no,no,cellular,27,aug,105,4,-1,0,unknown,no
54,admin.,married,primary,no,976,yes,no,unknown,3,jun,137,3,-1,0,unknown,no
29,management,single,tertiary,no,983,yes,no,cellular,11,jul,963,2,-1,0,unknown,yes
30,student,single,tertiary,no,228,yes,no,cellular,13,may,314,2,-1,0,unknown,yes
46,services,married,secondary,no,-522,yes,no,cellular,31,jul,61,2,-1,0,unknown,no
37,services,married,secondary,no,52,yes,no,cellular,6,sep,908,1,185,9,success,yes
43,blue-collar,married,primary,no,-120,yes,no,unknown,3,jun,46,1,-1,0,unknown,no
42,blue-collar,married,primary,no,1673,yes,no,cellular,17,apr,636,3,-1,0,unknown,yes
42,blue-collar,married,primary,no,260,yes,no,telephone,31,jul,175,2,-1,0,unknown,no
41,blue-collar,married,secondary,no,2689,yes,no,cellular,15,apr,135,1,-1,0,unknown,yes
35,management,single,tertiary,no,471,no,no,cellular,5,jun,276,2,-1,0,unknown,yes
73,retired,married,tertiary,no,1641,yes,no,cellular,27,feb,49,2,-1,0,unknown,yes
34,technician,married,tertiary,no,2069,no,no,cellular,20,aug,328,2,-1,0,unknown,no
29,technician,married,secondary,no,428,no,no,cellular,14,jul,131,4,-1,0,unknown,no
58,blue-collar,married,primary,no,1357,yes,no,unknown,13,may,150,2,-1,0,unknown,no
38,services,single,secondary,no,322,yes,no,unknown,26,may,61,1,-1,0,unknown,no
36,technician,single,secondary,no,4136,yes,no,unknown,30,may,812,3,-1,0,unknown,yes
62,retired,married,primary,no,1742,no,no,cellular,14,jun,167,2,98,6,other,yes
28,management,single,tertiary,no,1808,no,no,cellular,30,apr,309,1,-1,0,unknown,yes
36,admin.,single,tertiary,no,994,no,no,cellular,5,feb,195,1,176,5,failure,yes
31,services,single,secondary,no,1629,yes,no,unknown,19,may,344,2,-1,0,unknown,no
35,management,single,tertiary,no,1599,yes,yes,cellular,13,apr,407,1,-1,0,unknown,yes
47,entrepreneur,divorced,secondary,no,186,no,no,cellular,2,feb,112,2,-1,0,unknown,no
59,blue-collar,married,secondary,no,1376,no,yes,unknown,9,may,61,4,-1,0,unknown,no
40,management,single,tertiary,no,1361,no,no,cellular,29,jan,1473,1,-1,0,unknown,yes
24,management,married,secondary,no,2278,yes,no,unknown,27,may,77,4,-1,0,unknown,no
66,housemaid,married,primary,no,1230,no,no,cellular,16,jun,288,6,181,3,success,yes
31,services,married,secondary,no,447,no,no,cellular,19,mar,220,3,-1,0,unknown,yes
44,blue-collar,married,primary,no,4031,yes,no,cellular,7,may,983,4,-1,0,unknown,yes
30,management,single,tertiary,no,697,no,no,cellular,29,oct,215,3,80,5,success,yes
30,services,single,tertiary,no,803,no,no,cellular,30,apr,243,1,-1,0,unknown,no
53,housemaid,married,unknown,no,0,no,no,cellular,22,aug,207,1,-1,0,unknown,no
38,admin.,single,secondary,no,2470,no,no,telephone,31,oct,227,1,-1,0,unknown,yes
41,management,married,tertiary,no,15,no,no,unknown,20,jun,13,5,-1,0,unknown,no
35,technician,married,tertiary,no,1473,yes,no,unknown,12,may,84,3,-1,0,unknown,no
37,technician,single,tertiary,no,0,no,no,unknown,1,jul,1135,2,-1,0,unknown,yes
26,management,single,tertiary,no,1027,no,no,cellular,23,sep,744,1,-1,0,unknown,yes
38,self-employed,married,tertiary,no,2084,yes,no,cellular,16,apr,71,2,330,2,failure,no
35,management,single,tertiary,no,68,no,no,unknown,6,jun,1085,1,-1,0,unknown,yes
65,retired,married,primary,no,1760,no,no,cellular,18,aug,855,4,-1,0,unknown,yes
36,self-employed,single,tertiary,no,1240,no,no,cellular,31,jul,812,3,-1,0,unknown,yes
47,services,divorced,secondary,no,-288,yes,no,unknown,28,may,107,7,-1,0,unknown,no
57,self-employed,married,secondary,no,11494,no,no,cellular,19,nov,198,1,-1,0,unknown,no
36,services,married,primary,no,0,yes,no,unknown,2,jun,1036,1,-1,0,unknown,yes
43,admin.,married,secondary,no,0,no,no,unknown,20,jun,804,12,-1,0,unknown,no
49,entrepreneur,married,secondary,no,687,yes,no,cellular,17,apr,772,1,-1,0,unknown,yes
37,services,single,tertiary,no,1189,no,no,cellular,13,sep,323,9,199,4,other,yes
30,admin.,single,secondary,no,-548,yes,yes,cellular,28,jul,70,2,-1,0,unknown,no
34,technician,married,tertiary,no,100,no,no,cellular,20,aug,196,2,-1,0,unknown,no
52,unemployed,married,secondary,no,1416,no,no,cellular,10,mar,436,2,182,1,success,yes
57,entrepreneur,divorced,tertiary,no,873,no,no,unknown,17,jun,441,3,-1,0,unknown,no
33,blue-collar,single,tertiary,no,700,no,no,cellular,30,apr,169,1,80,2,success,yes
33,technician,single,tertiary,no,2565,yes,no,cellular,13,may,128,2,-1,0,unknown,no
35,management,single,tertiary,no,7918,no,no,cellular,7,sep,497,1,-1,0,unknown,yes
26,unemployed,single,tertiary,no,77,no,no,cellular,26,apr,175,1,-1,0,unknown,yes
55,management,married,unknown,no,559,no,no,cellular,28,jan,271,2,-1,0,unknown,no
38,entrepreneur,married,tertiary,no,898,yes,no,unknown,6,may,132,2,-1,0,unknown,no
47,technician,divorced,secondary,no,1851,yes,no,unknown,19,may,140,2,-1,0,unknown,no
23,student,single,secondary,no,9216,no,no,cellular,5,jun,471,2,-1,0,unknown,no
36,blue-collar,single,secondary,no,2235,yes,no,cellular,20,nov,287,2,-1,0,unknown,no
26,blue-collar,single,secondary,no,1006,yes,no,cellular,14,may,667,1,-1,0,unknown,yes
56,management,divorced,tertiary,no,4266,yes,no,unknown,17,jun,490,4,-1,0,unknown,yes
36,services,single,secondary,no,9713,yes,no,unknown,27,may,72,3,-1,0,unknown,no
54,services,married,unknown,no,386,no,yes,unknown,20,jun,838,1,-1,0,unknown,yes
28,self-employed,single,tertiary,no,1579,no,no,cellular,14,oct,122,3,-1,0,unknown,no
33,blue-collar,married,secondary,no,263,yes,no,unknown,21,may,206,3,-1,0,unknown,no
39,blue-collar,single,tertiary,no,172,yes,no,cellular,9,feb,125,2,183,2,failure,yes
35,technician,single,secondary,no,3490,yes,no,cellular,29,aug,643,2,-1,0,unknown,yes
47,management,single,tertiary,no,334,yes,no,cellular,26,mar,360,1,326,8,failure,yes
49,technician,married,secondary,no,308,no,no,cellular,27,jul,266,5,-1,0,unknown,no
52,management,divorced,tertiary,no,2104,no,no,cellular,3,jun,210,2,-1,0,unknown,yes
31,management,single,tertiary,no,354,no,no,cellular,30,apr,502,1,9,2,success,yes
29,blue-collar,single,secondary,no,-20,no,yes,cellular,21,jul,574,1,-1,0,unknown,yes
35,management,single,tertiary,no,1496,yes,no,cellular,22,aug,73,4,-1,0,unknown,no
75,retired,married,primary,no,1765,no,no,telephone,14,sep,808,1,187,4,failure,yes
32,admin.,single,secondary,no,1630,yes,no,cellular,30,jan,122,1,-1,0,unknown,no
32,technician,single,secondary,no,10,no,no,cellular,19,aug,190,2,-1,0,unknown,no
41,self-employed,married,unknown,no,1377,yes,no,cellular,15,may,111,4,371,2,other,no
53,services,divorced,secondary,no,765,yes,no,cellular,14,may,959,3,174,7,other,yes
84,retired,married,secondary,no,81204,no,no,telephone,1,apr,390,1,94,3,success,yes
50,management,married,tertiary,no,5108,yes,no,cellular,18,dec,406,1,182,2,failure,yes
34,housemaid,married,tertiary,no,0,no,no,cellular,18,aug,148,1,84,2,failure,yes
34,management,single,tertiary,no,431,no,no,cellular,16,jul,401,1,-1,0,unknown,no
55,admin.,married,secondary,no,602,no,no,cellular,1,jun,324,3,90,2,success,yes
44,technician,single,secondary,no,365,yes,no,unknown,8,may,169,2,-1,0,unknown,no
51,unemployed,divorced,secondary,no,-56,yes,no,cellular,19,nov,544,3,-1,0,unknown,no
76,retired,married,tertiary,no,2991,no,no,cellular,22,oct,344,1,183,1,success,yes
50,blue-collar,married,secondary,no,907,no,yes,cellular,16,jul,68,1,-1,0,unknown,no
35,services,divorced,secondary,no,-718,yes,no,cellular,21,nov,47,1,-1,0,unknown,no
36,blue-collar,single,secondary,no,111,yes,no,cellular,6,may,174,3,-1,0,unknown,no
42,management,single,tertiary,no,0,yes,yes,unknown,5,may,562,2,-1,0,unknown,yes
35,technician,single,tertiary,no,5301,no,no,cellular,21,nov,937,2,-1,0,unknown,yes
47,management,married,tertiary,no,0,no,yes,cellular,21,aug,374,1,-1,0,unknown,yes
49,services,married,tertiary,no,411,no,no,telephone,14,may,9,6,-1,0,unknown,no
45,management,married,tertiary,no,1300,no,no,cellular,30,jul,135,3,-1,0,unknown,no
46,management,married,tertiary,no,273,yes,no,cellular,10,may,583,6,53,6,success,yes
39,technician,single,secondary,no,681,yes,no,unknown,5,jun,170,1,-1,0,unknown,no
31,services,single,secondary,no,181,no,no,cellular,30,apr,325,1,-1,0,unknown,yes
44,entrepreneur,married,tertiary,no,3463,yes,yes,cellular,28,aug,210,3,-1,0,unknown,no
37,housemaid,single,tertiary,no,561,no,no,cellular,18,nov,188,1,165,2,failure,no
41,management,married,tertiary,no,0,no,no,cellular,17,sep,294,4,63,11,other,yes
48,services,married,secondary,no,127,no,no,cellular,8,jul,117,1,-1,0,unknown,no
52,services,married,secondary,no,657,no,no,telephone,7,jul,398,2,460,2,failure,yes
30,blue-collar,single,secondary,no,971,yes,no,cellular,17,apr,283,1,317,2,other,no
60,technician,married,secondary,no,10925,no,no,cellular,23,oct,270,3,185,1,success,yes
32,management,married,tertiary,no,2465,yes,yes,cellular,7,may,923,1,-1,0,unknown,yes
31,technician,single,tertiary,no,2744,yes,no,cellular,8,aug,309,2,-1,0,unknown,no
33,blue-collar,single,primary,no,777,no,no,cellular,7,jul,263,1,-1,0,unknown,no
33,blue-collar,married,primary,no,0,no,no,cellular,8,may,174,1,-1,0,unknown,no
43,management,single,tertiary,no,0,no,no,cellular,30,jun,275,2,296,1,failure,yes
40,blue-collar,married,primary,no,2129,yes,no,cellular,20,apr,1156,3,-1,0,unknown,no
30,technician,single,secondary,no,167,no,no,unknown,14,sep,9,1,-1,0,unknown,no
48,services,divorced,unknown,no,973,no,no,cellular,8,oct,319,1,134,2,success,yes
37,services,married,secondary,no,483,yes,no,cellular,30,jan,188,1,-1,0,unknown,no
28,services,single,secondary,no,1636,yes,no,cellular,18,may,97,1,355,2,failure,no
39,admin.,single,secondary,no,2749,yes,no,cellular,19,nov,128,1,-1,0,unknown,no
27,services,single,secondary,no,955,no,no,cellular,23,apr,206,1,-1,0,unknown,yes
37,blue-collar,single,secondary,no,5024,no,yes,cellular,25,jul,661,4,-1,0,unknown,yes
51,blue-collar,married,primary,no,0,no,no,cellular,20,nov,85,1,-1,0,unknown,no
25,student,single,secondary,no,486,no,no,cellular,13,sep,273,3,199,4,failure,yes
51,services,married,primary,no,8806,yes,no,unknown,19,may,131,1,-1,0,unknown,no
33,admin.,married,tertiary,no,79,yes,no,cellular,5,may,389,1,195,4,success,yes
53,management,married,tertiary,no,241,yes,no,cellular,19,nov,137,1,-1,0,unknown,no
20,student,single,secondary,no,215,no,no,cellular,24,feb,175,1,92,6,success,yes
39,blue-collar,married,secondary,no,167,yes,yes,cellular,12,may,612,1,-1,0,unknown,yes
48,admin.,married,secondary,no,292,yes,yes,cellular,29,jul,164,6,-1,0,unknown,no
56,retired,married,primary,no,63,no,no,cellular,19,aug,122,2,-1,0,unknown,no
36,management,single,tertiary,no,442,yes,yes,cellular,29,jul,102,3,-1,0,unknown,no
78,retired,divorced,primary,no,527,no,no,cellular,16,sep,193,1,-1,0,unknown,yes
56,management,divorced,tertiary,no,2037,no,no,cellular,5,aug,318,1,91,6,failure,yes
38,technician,married,secondary,no,381,yes,no,unknown,29,may,126,2,-1,0,unknown,no
51,technician,married,secondary,no,371,yes,yes,cellular,21,oct,287,1,-1,0,unknown,yes
57,admin.,married,unknown,no,0,yes,no,unknown,15,may,215,2,-1,0,unknown,no
29,blue-collar,married,secondary,no,313,yes,no,cellular,20,apr,172,2,343,3,other,no
25,student,single,secondary,no,348,no,no,cellular,10,aug,245,1,-1,0,unknown,yes
55,blue-collar,divorced,secondary,no,496,no,yes,cellular,28,jul,93,4,-1,0,unknown,no
34,management,married,tertiary,no,8,no,no,cellular,25,aug,169,4,-1,0,unknown,no
26,technician,single,tertiary,no,11862,no,no,cellular,13,feb,119,1,-1,0,unknown,yes
31,blue-collar,married,secondary,no,754,yes,no,unknown,19,may,1022,4,-1,0,unknown,yes
28,blue-collar,married,secondary,no,-26,no,yes,cellular,30,jan,81,1,-1,0,unknown,no
65,admin.,married,secondary,no,952,no,no,cellular,2,jun,310,1,-1,0,unknown,yes
34,management,married,tertiary,no,273,yes,no,cellular,14,may,492,1,175,2,failure,yes
33,self-employed,married,tertiary,no,263,no,no,cellular,16,nov,79,4,94,3,failure,no
45,self-employed,married,tertiary,no,-497,yes,yes,cellular,15,may,217,1,176,1,failure,no
49,blue-collar,married,primary,no,239,no,no,cellular,22,aug,90,3,-1,0,unknown,no
47,services,married,secondary,no,-150,no,no,cellular,14,aug,52,4,-1,0,unknown,no
29,student,single,unknown,no,7585,no,no,cellular,3,mar,145,2,198,1,failure,yes
34,housemaid,married,primary,no,2929,no,no,cellular,14,aug,518,2,-1,0,unknown,yes
48,admin.,married,unknown,no,0,yes,no,cellular,8,may,85,1,168,2,failure,no
32,services,married,secondary,no,15,yes,no,cellular,15,may,391,1,-1,0,unknown,no
37,management,married,tertiary,no,21,no,no,cellular,21,aug,50,12,-1,0,unknown,no
35,management,married,tertiary,no,1133,yes,no,cellular,3,nov,102,1,-1,0,unknown,yes
54,entrepreneur,divorced,unknown,no,4736,yes,no,telephone,6,apr,475,6,307,5,failure,yes
50,management,married,tertiary,no,19,no,yes,cellular,23,jul,205,1,-1,0,unknown,no
72,retired,married,secondary,no,2850,no,no,cellular,16,oct,131,2,241,1,success,no
29,management,married,tertiary,no,314,no,no,unknown,28,may,938,2,-1,0,unknown,yes
39,unemployed,single,secondary,no,-114,yes,no,cellular,3,feb,372,1,-1,0,unknown,yes
49,technician,divorced,unknown,no,387,no,no,cellular,28,jan,325,1,-1,0,unknown,yes
50,technician,married,secondary,no,416,yes,no,unknown,5,jun,494,5,-1,0,unknown,yes
35,blue-collar,married,secondary,no,262,no,no,cellular,15,sep,331,1,75,6,failure,yes
55,retired,divorced,tertiary,no,0,no,no,cellular,18,may,616,1,370,1,success,yes
46,technician,married,unknown,no,605,yes,no,cellular,20,apr,780,2,-1,0,unknown,no
36,services,married,secondary,no,335,yes,no,unknown,9,may,339,2,-1,0,unknown,no
54,entrepreneur,married,tertiary,no,0,no,no,cellular,30,jul,250,5,-1,0,unknown,no
38,management,divorced,tertiary,no,6368,yes,no,cellular,4,may,922,4,-1,0,unknown,yes
32,blue-collar,single,primary,no,1426,yes,no,cellular,20,nov,114,1,-1,0,unknown,no
38,blue-collar,married,secondary,no,35,yes,no,unknown,28,may,130,2,-1,0,unknown,no
53,retired,married,secondary,no,303,yes,no,unknown,6,may,593,2,-1,0,unknown,no
23,services,single,secondary,no,488,no,no,cellular,29,jun,205,1,91,3,success,yes
29,unemployed,single,tertiary,no,70,no,no,cellular,25,may,393,1,-1,0,unknown,yes
36,blue-collar,married,secondary,no,4438,yes,no,unknown,20,may,446,1,-1,0,unknown,yes
34,services,married,secondary,no,-315,yes,no,unknown,8,may,56,2,-1,0,unknown,no
31,student,single,secondary,no,0,no,no,cellular,22,sep,173,1,-1,0,unknown,no
29,blue-collar,married,primary,no,544,no,yes,cellular,21,jul,121,4,-1,0,unknown,no
77,retired,married,primary,no,3324,no,no,cellular,13,may,289,1,91,5,success,yes
56,blue-collar,married,secondary,no,249,yes,no,unknown,29,may,791,2,-1,0,unknown,yes
46,blue-collar,divorced,primary,no,219,yes,no,cellular,21,nov,729,1,-1,0,unknown,yes
38,services,married,secondary,no,2669,yes,no,cellular,20,apr,208,2,-1,0,unknown,no
52,blue-collar,married,primary,no,306,no,no,cellular,28,jan,223,1,-1,0,unknown,yes
28,management,single,tertiary,no,1584,yes,no,cellular,1,sep,222,2,-1,0,unknown,yes
78,retired,married,primary,no,680,no,no,telephone,24,may,838,1,89,9,failure,no
32,blue-collar,married,secondary,no,328,yes,no,unknown,20,may,132,1,-1,0,unknown,no
36,management,married,tertiary,no,396,no,no,cellular,13,aug,67,5,-1,0,unknown,no
39,admin.,married,secondary,no,1757,no,no,telephone,28,oct,125,1,-1,0,unknown,yes
36,management,single,tertiary,no,811,no,no,cellular,6,mar,229,1,-1,0,unknown,yes
28,technician,single,secondary,no,598,yes,no,cellular,2,mar,177,1,288,2,failure,yes
59,retired,married,secondary,no,163,no,no,cellular,24,jul,464,1,-1,0,unknown,no
44,management,single,tertiary,no,5063,no,no,cellular,27,oct,418,2,-1,0,unknown,yes
48,blue-collar,married,primary,no,134,yes,no,unknown,28,may,315,2,-1,0,unknown,no
35,technician,married,tertiary,no,1629,no,no,cellular,25,jul,653,4,-1,0,unknown,yes
52,technician,married,tertiary,no,7,no,yes,unknown,5,may,175,1,-1,0,unknown,no
55,technician,married,secondary,no,276,yes,no,unknown,12,may,486,1,-1,0,unknown,no
54,technician,married,tertiary,no,6507,no,no,cellular,26,may,145,1,-1,0,unknown,no
52,services,married,secondary,no,431,no,no,cellular,26,aug,73,17,-1,0,unknown,no
31,management,married,tertiary,no,459,no,no,cellular,28,aug,13,14,-1,0,unknown,no
34,services,single,secondary,no,-701,yes,no,cellular,11,may,610,2,-1,0,unknown,yes
30,self-employed,single,tertiary,no,916,no,no,cellular,29,mar,92,2,90,2,success,yes
55,self-employed,married,secondary,no,2408,no,no,telephone,9,apr,327,2,140,1,failure,no
63,technician,married,secondary,no,973,no,no,cellular,25,feb,318,1,388,1,success,yes
44,technician,single,secondary,no,7138,no,no,cellular,8,aug,809,2,-1,0,unknown,yes
30,blue-collar,married,secondary,no,321,yes,no,cellular,20,nov,738,2,-1,0,unknown,no
29,admin.,single,secondary,no,1027,yes,no,cellular,2,feb,177,1,-1,0,unknown,yes
31,blue-collar,married,secondary,no,41,yes,no,unknown,19,may,265,1,-1,0,unknown,no
41,management,married,tertiary,no,653,yes,no,telephone,17,nov,60,2,-1,0,unknown,no
32,self-employed,married,tertiary,no,14522,no,no,cellular,21,nov,221,7,-1,0,unknown,no
34,management,married,tertiary,no,1006,yes,no,cellular,19,nov,783,3,195,2,other,yes
31,management,single,tertiary,no,147,no,no,cellular,9,jun,163,2,92,3,success,yes
36,self-employed,single,tertiary,no,4844,no,no,unknown,9,jun,1137,3,-1,0,unknown,yes
31,services,married,secondary,no,1167,yes,yes,cellular,20,nov,279,1,-1,0,unknown,no
30,admin.,divorced,secondary,no,370,yes,no,unknown,15,may,160,1,-1,0,unknown,no
32,management,married,tertiary,no,81,yes,no,cellular,17,nov,120,1,-1,0,unknown,no
32,technician,divorced,tertiary,no,3255,no,no,cellular,29,jun,167,2,-1,0,unknown,yes
32,services,single,tertiary,no,0,no,no,cellular,28,aug,23,12,-1,0,unknown,no
53,blue-collar,married,secondary,no,1777,yes,no,cellular,21,nov,796,5,154,1,failure,yes
38,technician,married,tertiary,no,1042,yes,no,cellular,4,feb,419,2,-1,0,unknown,no
60,blue-collar,married,primary,no,7929,no,no,unknown,1,apr,111,1,-1,0,unknown,yes
35,technician,married,secondary,no,545,yes,no,cellular,16,apr,1579,1,234,4,failure,yes
30,admin.,single,secondary,no,28,no,no,unknown,20,aug,107,1,-1,0,unknown,no
51,self-employed,married,secondary,no,44,yes,yes,telephone,21,jul,79,1,-1,0,unknown,no
32,technician,married,secondary,no,901,yes,no,unknown,21,may,102,3,-1,0,unknown,no
34,admin.,divorced,primary,no,9569,yes,no,unknown,9,may,43,2,-1,0,unknown,no
53,admin.,divorced,secondary,no,-372,yes,no,unknown,26,may,104,1,-1,0,unknown,no
35,blue-collar,married,secondary,no,0,yes,no,cellular,9,jul,277,1,-1,0,unknown,no
34,management,single,tertiary,no,-292,yes,no,cellular,19,aug,181,6,-1,0,unknown,no
38,management,married,tertiary,no,5432,yes,yes,cellular,17,apr,707,1,149,2,failure,no
59,retired,married,secondary,no,1723,no,no,unknown,19,jun,70,1,-1,0,unknown,no
47,technician,divorced,secondary,no,1013,no,no,cellular,15,jun,54,3,-1,0,unknown,no
30,management,single,tertiary,no,3340,no,no,cellular,3,jun,238,3,-1,0,unknown,yes
30,entrepreneur,married,primary,no,2686,yes,no,cellular,15,jul,808,3,-1,0,unknown,yes
33,admin.,married,secondary,no,177,yes,no,cellular,11,may,100,1,-1,0,unknown,no
26,technician,single,secondary,no,2002,no,no,cellular,29,jan,146,1,-1,0,unknown,yes
35,technician,single,secondary,no,-89,yes,no,cellular,15,may,75,1,368,1,failure,no
44,blue-collar,married,unknown,no,1529,yes,no,cellular,30,apr,347,1,-1,0,unknown,yes
36,management,married,tertiary,no,1257,no,no,cellular,8,feb,108,9,101,1,other,no
33,technician,married,secondary,no,264,no,no,cellular,28,aug,180,4,-1,0,unknown,no
57,services,married,primary,no,443,no,no,telephone,17,jul,167,1,-1,0,unknown,no
38,management,married,tertiary,no,1199,no,no,cellular,4,aug,178,1,1,1,success,yes
53,technician,married,secondary,no,195,yes,no,cellular,19,may,472,1,90,6,success,yes
37,technician,single,secondary,no,265,yes,yes,cellular,3,feb,140,1,366,2,failure,yes
41,services,divorced,secondary,no,840,yes,no,cellular,2,feb,938,1,-1,0,unknown,yes
56,retired,married,secondary,no,74,yes,no,unknown,26,may,152,2,-1,0,unknown,no
34,blue-collar,single,unknown,no,129,yes,yes,cellular,16,nov,295,1,200,2,success,yes
30,management,single,tertiary,no,297,no,no,cellular,8,nov,188,1,-1,0,unknown,yes
59,technician,married,secondary,no,316,no,no,cellular,14,aug,200,4,-1,0,unknown,no
43,unemployed,divorced,secondary,no,0,yes,no,cellular,24,jul,229,2,-1,0,unknown,no
34,technician,married,secondary,no,1026,no,no,cellular,12,nov,319,1,100,6,failure,no
27,management,single,secondary,no,35,no,no,cellular,4,jul,255,1,-1,0,unknown,no
26,admin.,single,secondary,no,1327,no,no,cellular,30,mar,171,4,-1,0,unknown,no
31,management,single,tertiary,no,-160,yes,no,unknown,28,may,202,2,-1,0,unknown,no
34,blue-collar,single,secondary,no,1156,yes,no,unknown,23,may,234,2,-1,0,unknown,no
43,services,single,secondary,no,3403,yes,no,cellular,12,nov,707,2,97,2,success,yes
32,housemaid,divorced,secondary,no,-613,yes,no,cellular,15,apr,266,2,-1,0,unknown,no
55,unemployed,married,secondary,no,512,no,no,cellular,28,jan,70,1,-1,0,unknown,no
31,management,single,tertiary,no,0,no,no,cellular,19,aug,155,4,-1,0,unknown,no
69,retired,married,secondary,no,2473,no,no,cellular,8,jul,967,3,-1,0,unknown,yes
52,blue-collar,married,secondary,no,555,yes,no,cellular,12,may,314,2,-1,0,unknown,no
32,technician,single,secondary,no,930,yes,no,unknown,21,may,122,1,-1,0,unknown,no
77,retired,married,secondary,no,638,no,no,cellular,7,aug,453,1,-1,0,unknown,yes
43,management,married,tertiary,no,1429,yes,no,cellular,19,nov,1015,1,198,2,other,yes
35,admin.,married,secondary,yes,76,no,yes,unknown,17,jun,107,1,-1,0,unknown,no
33,technician,single,tertiary,no,127,yes,no,cellular,6,apr,583,2,222,17,failure,yes
37,unemployed,single,secondary,no,2722,no,no,telephone,27,apr,426,2,179,3,other,yes
36,management,married,tertiary,no,532,yes,no,cellular,14,may,603,1,-1,0,unknown,no
43,self-employed,married,secondary,no,14144,yes,no,cellular,21,nov,504,1,-1,0,unknown,yes
33,management,single,tertiary,no,6807,no,no,cellular,20,apr,163,1,-1,0,unknown,yes
31,student,married,primary,no,46,yes,no,cellular,10,jul,487,1,-1,0,unknown,yes
28,technician,single,tertiary,no,4987,no,no,cellular,2,jun,924,2,113,21,success,yes
39,services,single,secondary,no,326,yes,no,unknown,27,may,115,1,-1,0,unknown,no
45,unemployed,married,tertiary,no,1148,no,no,cellular,19,nov,782,2,-1,0,unknown,no
44,management,married,primary,no,4758,yes,no,cellular,22,jul,712,6,-1,0,unknown,yes
30,technician,single,secondary,no,158,no,no,cellular,6,oct,144,1,-1,0,unknown,yes
34,blue-collar,married,tertiary,no,17672,no,no,cellular,20,nov,548,1,-1,0,unknown,no
49,entrepreneur,married,primary,no,6188,no,no,cellular,18,nov,453,1,-1,0,unknown,yes
48,admin.,married,secondary,no,660,no,no,cellular,18,feb,318,1,561,2,success,yes
45,unknown,married,unknown,no,2834,no,no,cellular,4,aug,112,1,-1,0,unknown,no
40,admin.,married,primary,no,72,yes,yes,cellular,21,nov,849,1,-1,0,unknown,yes
32,technician,single,unknown,no,491,no,no,cellular,8,oct,251,2,91,7,success,yes
46,management,married,tertiary,no,110,yes,yes,cellular,20,aug,243,5,-1,0,unknown,no
39,admin.,single,secondary,no,2263,yes,yes,telephone,21,nov,1158,9,-1,0,unknown,yes
36,management,divorced,tertiary,no,59,no,no,cellular,13,aug,526,2,-1,0,unknown,yes
36,technician,single,secondary,no,265,yes,yes,unknown,5,may,348,1,-1,0,unknown,no
33,management,married,tertiary,no,0,no,no,cellular,29,aug,60,2,-1,0,unknown,no
31,management,married,tertiary,no,50,no,no,cellular,19,aug,37,5,-1,0,unknown,no
42,admin.,married,secondary,no,105,no,no,unknown,11,jun,1159,4,-1,0,unknown,yes
57,entrepreneur,married,primary,no,1153,yes,yes,unknown,9,jun,238,6,-1,0,unknown,no
37,management,married,tertiary,no,620,yes,no,cellular,17,nov,93,3,-1,0,unknown,no
51,blue-collar,married,unknown,no,0,no,no,unknown,2,jun,61,7,-1,0,unknown,no
41,technician,married,secondary,no,862,no,no,cellular,18,nov,474,2,-1,0,unknown,no
41,technician,married,secondary,no,201,no,yes,cellular,14,jul,53,8,-1,0,unknown,no
36,admin.,married,secondary,no,898,no,no,cellular,15,jul,118,5,-1,0,unknown,no
69,technician,married,tertiary,no,482,no,no,cellular,29,jul,478,1,267,1,failure,yes
30,technician,single,tertiary,no,0,no,no,cellular,15,sep,214,2,-1,0,unknown,no
35,management,single,tertiary,no,80,no,no,cellular,4,sep,434,2,94,1,other,yes
47,blue-collar,married,primary,no,113,yes,no,unknown,13,may,276,1,-1,0,unknown,no
49,management,married,tertiary,no,561,no,no,cellular,15,jun,173,1,-1,0,unknown,yes
55,management,married,tertiary,no,1433,no,no,unknown,12,jun,298,3,-1,0,unknown,no
54,admin.,married,tertiary,no,19,no,no,cellular,26,aug,131,2,-1,0,unknown,no
37,admin.,single,tertiary,no,869,no,no,cellular,30,jul,60,8,-1,0,unknown,no
50,technician,married,secondary,no,3370,no,no,cellular,21,aug,531,2,80,2,success,yes
30,blue-collar,single,secondary,no,-93,yes,no,unknown,27,may,149,2,-1,0,unknown,no
25,management,single,tertiary,no,493,yes,no,unknown,4,jun,301,1,-1,0,unknown,no
32,blue-collar,single,unknown,no,258,yes,no,cellular,18,may,291,2,-1,0,unknown,no
57,admin.,married,secondary,no,808,no,no,cellular,14,jul,417,3,-1,0,unknown,no
31,admin.,married,secondary,no,8781,yes,no,cellular,14,may,680,1,177,1,success,yes
38,services,married,primary,no,0,yes,no,cellular,17,nov,960,2,-1,0,unknown,no
78,unknown,married,unknown,no,2235,no,no,telephone,14,apr,300,3,-1,0,unknown,yes
34,admin.,single,secondary,no,88,yes,no,unknown,27,may,169,2,-1,0,unknown,no
53,self-employed,married,tertiary,no,20,yes,no,cellular,7,aug,218,2,-1,0,unknown,no
22,student,single,secondary,no,948,no,no,telephone,25,feb,169,1,191,3,success,yes
55,entrepreneur,married,secondary,no,814,no,yes,cellular,28,jul,69,12,-1,0,unknown,no
33,management,single,tertiary,no,935,no,no,cellular,9,feb,385,2,92,8,success,yes
30,self-employed,married,secondary,no,131,yes,no,unknown,8,may,306,1,-1,0,unknown,no
45,management,divorced,secondary,no,51,yes,no,cellular,31,jul,67,8,-1,0,unknown,no
62,management,married,tertiary,no,7458,no,no,cellular,30,oct,212,2,-1,0,unknown,yes
45,management,divorced,tertiary,no,854,no,yes,cellular,8,jul,730,1,-1,0,unknown,yes
40,self-employed,married,secondary,yes,-754,yes,yes,unknown,3,jun,941,3,-1,0,unknown,yes
54,management,divorced,tertiary,no,129,yes,no,unknown,30,may,132,1,-1,0,unknown,no
37,management,married,tertiary,no,165,no,no,cellular,24,aug,315,1,83,1,other,no
34,unemployed,single,tertiary,no,1974,no,no,cellular,22,jul,355,1,342,3,success,yes
32,blue-collar,single,secondary,no,799,no,yes,cellular,23,jul,2078,6,-1,0,unknown,yes
49,blue-collar,married,secondary,no,388,no,no,telephone,17,jul,265,2,-1,0,unknown,no
56,management,married,secondary,no,238,yes,no,cellular,19,nov,808,1,-1,0,unknown,no
44,management,divorced,tertiary,no,2422,yes,no,cellular,16,apr,399,2,269,2,failure,no
49,technician,married,primary,no,230,yes,no,unknown,8,may,96,1,-1,0,unknown,no
40,management,married,tertiary,no,0,no,no,cellular,6,aug,131,2,98,6,success,yes
34,management,married,tertiary,no,303,yes,no,cellular,29,jan,50,1,195,2,failure,no
27,technician,single,tertiary,no,667,no,no,cellular,29,jan,866,2,-1,0,unknown,yes
40,housemaid,divorced,secondary,no,108,no,no,unknown,9,may,93,1,-1,0,unknown,no
70,retired,married,primary,no,324,no,no,cellular,11,aug,632,1,308,6,other,yes
42,unknown,married,unknown,no,222,no,no,cellular,26,aug,80,16,-1,0,unknown,no
35,technician,married,tertiary,no,25,no,no,cellular,27,aug,219,2,-1,0,unknown,no
49,management,married,secondary,no,99,yes,no,cellular,6,may,687,2,343,1,failure,yes
36,management,married,tertiary,no,0,yes,no,cellular,8,may,308,3,-1,0,unknown,yes
26,technician,single,secondary,no,1105,yes,no,cellular,6,sep,415,1,297,3,other,yes
35,management,single,tertiary,no,565,yes,no,unknown,30,may,763,1,-1,0,unknown,yes
41,entrepreneur,married,secondary,no,353,no,no,cellular,19,nov,90,2,-1,0,unknown,no
59,unknown,single,secondary,no,3237,no,no,unknown,6,jun,100,3,-1,0,unknown,no
36,technician,divorced,secondary,no,556,yes,no,cellular,18,nov,154,3,189,1,failure,no
47,blue-collar,married,secondary,no,292,no,no,cellular,10,feb,277,1,-1,0,unknown,yes
43,unemployed,married,secondary,no,0,yes,yes,cellular,23,sep,183,2,184,13,failure,yes
52,blue-collar,married,secondary,no,955,no,yes,cellular,17,jun,301,2,134,4,success,yes
30,blue-collar,married,secondary,no,61,yes,no,cellular,5,may,525,1,-1,0,unknown,yes
33,technician,divorced,secondary,no,370,yes,no,cellular,11,aug,145,4,-1,0,unknown,no
77,retired,married,primary,no,2223,no,no,telephone,10,aug,365,2,187,1,success,no
30,admin.,single,secondary,no,3528,no,no,cellular,4,aug,250,1,92,2,failure,yes
31,management,single,tertiary,no,4331,yes,no,cellular,22,jul,318,1,-1,0,unknown,no
56,retired,married,secondary,no,4577,no,no,cellular,29,aug,133,2,-1,0,unknown,no
42,services,single,secondary,no,3403,yes,no,cellular,7,aug,215,1,99,1,failure,yes
36,unemployed,divorced,primary,no,0,no,no,telephone,4,jul,304,3,-1,0,unknown,no
27,blue-collar,single,secondary,no,3792,no,no,cellular,22,oct,504,1,183,2,success,yes
29,management,single,tertiary,no,765,no,no,cellular,16,nov,238,1,-1,0,unknown,yes
41,blue-collar,married,primary,no,865,no,yes,unknown,19,may,19,5,-1,0,unknown,no
33,technician,divorced,secondary,no,464,no,no,cellular,4,feb,207,4,-1,0,unknown,no
28,services,married,secondary,no,510,yes,yes,cellular,8,jul,1767,2,-1,0,unknown,yes
52,retired,divorced,tertiary,no,3687,yes,yes,unknown,16,jun,741,4,-1,0,unknown,yes
29,services,single,secondary,no,1008,yes,no,unknown,23,may,426,9,-1,0,unknown,no
31,admin.,single,secondary,no,3950,yes,no,cellular,21,nov,529,1,-1,0,unknown,yes
47,blue-collar,divorced,primary,no,126,yes,no,unknown,3,jun,2456,2,-1,0,unknown,yes
60,technician,divorced,secondary,no,367,no,no,cellular,16,aug,318,2,-1,0,unknown,yes
33,technician,married,secondary,no,2044,yes,no,cellular,4,may,532,3,-1,0,unknown,yes
45,technician,married,secondary,no,2776,yes,no,cellular,27,jul,287,2,181,1,success,yes
29,self-employed,single,tertiary,no,3290,no,no,cellular,12,may,430,1,50,3,success,yes
36,technician,married,secondary,no,283,yes,yes,unknown,27,jun,56,2,-1,0,unknown,no
47,blue-collar,married,primary,no,209,no,no,cellular,27,aug,77,6,-1,0,unknown,no
49,technician,married,secondary,no,-142,yes,yes,cellular,23,jul,73,4,-1,0,unknown,no
44,blue-collar,married,primary,no,140,yes,no,unknown,15,may,7,9,-1,0,unknown,no
41,management,married,tertiary,no,-412,yes,no,cellular,29,jan,85,1,195,5,other,no
26,management,single,tertiary,no,1177,no,no,cellular,19,oct,116,1,-1,0,unknown,no
30,technician,married,secondary,no,289,yes,no,cellular,14,aug,1184,4,-1,0,unknown,yes
52,technician,married,secondary,no,930,yes,no,unknown,2,jun,94,16,-1,0,unknown,no
49,admin.,single,secondary,no,7426,no,no,telephone,20,nov,65,2,-1,0,unknown,no
43,management,married,tertiary,no,3186,no,no,cellular,16,nov,380,1,88,1,failure,yes
34,unemployed,married,secondary,no,978,no,no,cellular,3,jun,262,2,71,1,success,yes
52,unemployed,married,secondary,no,1416,no,no,cellular,13,sep,218,3,187,3,success,yes
33,admin.,married,secondary,no,95,yes,no,cellular,30,apr,335,1,-1,0,unknown,yes
32,management,divorced,tertiary,no,294,yes,no,cellular,17,apr,1095,1,274,5,success,yes
33,technician,married,secondary,no,0,no,no,cellular,19,aug,78,3,-1,0,unknown,no
44,management,married,tertiary,no,423,no,no,cellular,12,mar,2330,5,-1,0,unknown,yes
34,technician,single,secondary,no,5731,yes,no,cellular,21,jul,101,3,-1,0,unknown,no
40,services,married,secondary,no,4157,yes,no,unknown,15,may,735,1,-1,0,unknown,no
46,blue-collar,married,secondary,no,781,no,no,unknown,13,may,152,1,-1,0,unknown,no
31,admin.,single,secondary,no,0,no,no,cellular,17,apr,188,3,-1,0,unknown,yes
34,blue-collar,divorced,unknown,no,172,no,no,cellular,15,jun,177,1,-1,0,unknown,yes
33,management,married,tertiary,no,71,no,no,cellular,26,feb,335,3,102,2,failure,yes
42,housemaid,married,primary,no,4279,yes,no,cellular,22,jul,98,1,-1,0,unknown,no
59,unemployed,married,secondary,no,1047,no,no,cellular,21,aug,438,1,184,3,success,yes
37,admin.,married,secondary,no,1110,yes,no,telephone,22,jul,802,11,-1,0,unknown,yes
48,unknown,married,unknown,no,558,no,no,cellular,25,aug,433,6,-1,0,unknown,no
59,admin.,married,secondary,no,2552,no,yes,cellular,5,aug,125,3,-1,0,unknown,no
40,services,single,secondary,no,224,yes,no,cellular,17,apr,875,2,-1,0,unknown,yes
32,services,married,secondary,no,201,yes,no,unknown,18,jun,110,2,-1,0,unknown,no
34,services,single,secondary,no,2,yes,no,cellular,15,may,153,2,-1,0,unknown,yes
35,blue-collar,single,secondary,no,0,yes,no,cellular,16,apr,1174,1,345,4,other,yes
31,unemployed,married,tertiary,no,330,no,no,cellular,13,jan,260,1,194,2,success,yes
36,technician,married,secondary,no,84,yes,no,unknown,20,may,67,1,-1,0,unknown,no
43,management,married,tertiary,no,40,no,no,cellular,10,feb,147,1,-1,0,unknown,yes
55,management,married,tertiary,no,-375,no,no,cellular,30,jul,814,2,-1,0,unknown,yes
37,management,married,tertiary,no,89,yes,no,unknown,19,may,162,10,-1,0,unknown,no
29,student,single,secondary,no,1779,no,no,cellular,4,jun,400,1,-1,0,unknown,yes
59,retired,married,primary,no,3400,yes,no,cellular,5,aug,515,3,-1,0,unknown,yes
31,technician,single,secondary,no,1222,yes,no,cellular,20,apr,186,3,-1,0,unknown,no
39,management,divorced,tertiary,no,373,no,no,cellular,26,aug,148,4,-1,0,unknown,no
55,housemaid,married,primary,no,3680,no,no,unknown,16,jun,131,1,-1,0,unknown,no
36,self-employed,single,tertiary,no,3560,no,no,unknown,2,jun,409,2,-1,0,unknown,no
85,retired,married,primary,no,12114,no,no,telephone,12,feb,165,2,-1,0,unknown,yes
32,services,married,secondary,no,207,yes,no,unknown,23,may,360,1,-1,0,unknown,no
57,management,divorced,tertiary,no,8897,yes,no,cellular,12,aug,865,2,-1,0,unknown,yes
43,management,married,tertiary,no,79,no,no,cellular,26,may,640,1,-1,0,unknown,yes
28,management,single,tertiary,no,-227,yes,no,unknown,4,jun,298,2,-1,0,unknown,no
28,management,single,tertiary,no,150,yes,no,unknown,8,may,491,1,-1,0,unknown,no
55,management,married,secondary,no,2693,no,no,cellular,22,sep,182,1,184,7,success,yes
33,entrepreneur,married,secondary,no,5809,yes,no,cellular,22,aug,219,4,-1,0,unknown,no
63,entrepreneur,married,secondary,no,3904,no,no,telephone,4,aug,250,2,187,2,success,yes
26,technician,married,secondary,no,267,yes,no,cellular,28,jul,817,2,-1,0,unknown,yes
39,blue-collar,single,secondary,no,1170,no,no,unknown,6,jun,383,1,-1,0,unknown,no
35,blue-collar,married,primary,no,147,yes,no,cellular,5,may,358,1,337,3,failure,no
53,blue-collar,married,secondary,no,136,yes,no,unknown,15,may,99,1,-1,0,unknown,no
25,technician,single,secondary,no,1847,no,no,cellular,26,may,137,2,-1,0,unknown,no
31,unemployed,single,primary,no,163,no,no,cellular,30,jan,707,2,2,1,other,yes
26,blue-collar,single,primary,no,102,yes,no,unknown,16,may,46,1,-1,0,unknown,no
32,admin.,divorced,secondary,no,-273,yes,no,cellular,5,may,64,1,-1,0,unknown,no
56,admin.,married,secondary,no,360,yes,yes,cellular,24,jul,98,2,-1,0,unknown,no
34,admin.,married,secondary,no,2064,yes,no,unknown,26,may,165,2,-1,0,unknown,no
60,blue-collar,married,primary,no,4903,no,yes,unknown,9,jun,290,1,-1,0,unknown,no
53,management,married,tertiary,no,1348,no,yes,cellular,17,jul,120,3,-1,0,unknown,no
45,unemployed,divorced,primary,yes,11,no,no,cellular,13,aug,489,5,-1,0,unknown,yes
29,technician,married,secondary,no,95,no,yes,cellular,3,feb,172,3,-1,0,unknown,yes
32,admin.,divorced,secondary,no,-331,yes,yes,unknown,26,may,130,3,-1,0,unknown,no
54,management,married,tertiary,no,534,no,no,cellular,1,jun,177,2,-1,0,unknown,yes
42,blue-collar,married,primary,no,-97,yes,no,cellular,3,feb,216,4,271,5,failure,no
36,technician,married,secondary,no,4613,no,no,cellular,2,apr,320,1,134,2,failure,no
49,management,divorced,tertiary,no,348,no,no,cellular,30,oct,125,1,-1,0,unknown,yes
57,services,divorced,primary,no,2225,yes,no,cellular,18,may,8,4,-1,0,unknown,no
35,management,married,tertiary,no,43,yes,no,cellular,20,apr,860,1,-1,0,unknown,yes
60,admin.,married,secondary,no,3735,no,no,cellular,22,dec,190,1,188,9,success,yes
47,services,divorced,unknown,no,973,no,no,cellular,27,may,489,1,479,1,failure,yes
22,student,single,secondary,no,185,no,no,cellular,8,jul,153,1,-1,0,unknown,yes
57,admin.,married,secondary,no,403,yes,no,cellular,18,may,603,1,340,2,other,yes
77,unknown,married,unknown,no,397,no,no,telephone,8,nov,207,1,185,3,success,no
35,self-employed,married,tertiary,no,1178,yes,yes,cellular,15,apr,220,2,183,5,failure,no
37,services,single,secondary,no,608,no,no,cellular,14,may,380,3,-1,0,unknown,no
35,management,single,tertiary,no,1750,yes,no,cellular,22,oct,422,1,175,4,success,no
45,self-employed,married,secondary,no,2278,no,no,unknown,17,nov,1735,2,-1,0,unknown,no
60,retired,married,secondary,no,11,no,no,cellular,29,jun,265,1,586,2,failure,yes
39,blue-collar,married,secondary,no,171,yes,yes,cellular,8,may,153,1,353,1,failure,no
28,admin.,single,tertiary,no,832,no,no,telephone,29,mar,433,3,342,1,failure,yes
39,blue-collar,single,secondary,no,522,yes,no,telephone,14,may,225,7,350,2,failure,no
35,technician,married,secondary,no,294,yes,no,cellular,15,jun,238,6,98,5,success,no
58,retired,married,primary,no,565,no,no,telephone,8,oct,153,1,93,1,success,yes
33,admin.,married,tertiary,no,69,no,yes,cellular,4,may,77,2,-1,0,unknown,no
30,services,single,tertiary,no,-477,no,yes,cellular,21,aug,1532,2,-1,0,unknown,yes
45,management,married,tertiary,no,22815,no,no,cellular,26,aug,653,8,-1,0,unknown,no
49,management,married,tertiary,no,5887,no,no,cellular,4,dec,439,3,185,5,success,yes
49,housemaid,married,primary,no,78,no,no,telephone,10,jul,139,1,-1,0,unknown,no
30,blue-collar,married,secondary,no,2493,no,no,cellular,28,jan,293,2,-1,0,unknown,yes
35,management,married,tertiary,no,2682,yes,no,cellular,9,jul,156,1,-1,0,unknown,no
47,technician,married,secondary,no,568,yes,no,cellular,12,aug,1613,1,-1,0,unknown,yes
24,student,single,secondary,no,597,yes,no,cellular,20,apr,943,3,-1,0,unknown,yes
25,management,single,tertiary,no,219,no,no,cellular,30,apr,458,1,-1,0,unknown,yes
66,technician,married,secondary,no,0,no,no,cellular,6,feb,751,1,-1,0,unknown,yes
60,retired,married,tertiary,no,0,yes,no,unknown,13,may,34,4,-1,0,unknown,no
56,technician,divorced,secondary,no,3450,no,no,cellular,10,aug,507,1,181,2,success,yes
25,blue-collar,single,secondary,no,-375,yes,no,cellular,14,jul,61,2,-1,0,unknown,no
56,retired,married,secondary,no,0,no,no,cellular,26,jan,413,2,-1,0,unknown,no
26,unemployed,single,tertiary,no,3466,no,no,cellular,6,oct,275,2,-1,0,unknown,yes
39,admin.,married,unknown,no,378,no,no,unknown,20,jun,17,5,-1,0,unknown,no
37,technician,married,secondary,no,1707,yes,no,cellular,26,jul,546,2,784,3,failure,yes
56,management,married,tertiary,no,-45,yes,no,unknown,30,may,116,6,-1,0,unknown,no
60,retired,married,primary,no,55,no,no,cellular,4,jun,207,1,-1,0,unknown,no
52,admin.,single,unknown,no,872,yes,no,telephone,18,may,82,6,335,1,other,no
25,management,married,secondary,no,2228,yes,no,cellular,23,jul,754,1,-1,0,unknown,yes
53,technician,single,secondary,no,925,no,no,cellular,25,aug,930,3,-1,0,unknown,yes
34,admin.,married,secondary,no,430,yes,no,cellular,21,jul,82,4,-1,0,unknown,no
43,blue-collar,married,secondary,no,625,yes,no,unknown,30,sep,175,1,-1,0,unknown,no
30,technician,single,secondary,no,9645,no,yes,cellular,26,aug,130,10,-1,0,unknown,no
34,admin.,married,tertiary,no,0,no,no,cellular,30,jul,292,1,183,2,success,yes
25,admin.,single,secondary,no,654,no,no,cellular,8,apr,216,1,-1,0,unknown,no
79,retired,divorced,primary,no,79,no,no,cellular,9,oct,1106,2,-1,0,unknown,yes
31,management,single,tertiary,no,0,no,no,cellular,25,aug,11,16,-1,0,unknown,no
28,admin.,married,secondary,no,170,yes,yes,unknown,21,may,492,1,-1,0,unknown,no
47,blue-collar,married,secondary,no,1536,yes,no,cellular,17,apr,41,1,301,4,other,no
38,management,married,tertiary,no,-239,yes,no,unknown,2,jun,221,2,-1,0,unknown,no
53,blue-collar,married,secondary,no,6112,no,no,cellular,3,feb,211,1,-1,0,unknown,yes
25,services,single,secondary,no,628,no,no,cellular,8,jul,266,1,-1,0,unknown,no
38,admin.,divorced,secondary,no,19,yes,no,cellular,5,feb,1130,3,251,2,success,yes
54,management,married,tertiary,no,1168,no,no,telephone,4,may,150,5,-1,0,unknown,no
33,management,single,tertiary,no,224,no,no,cellular,23,jun,342,2,107,2,success,yes
24,admin.,single,tertiary,no,674,yes,no,cellular,6,jul,267,1,-1,0,unknown,yes
37,blue-collar,married,primary,no,-106,yes,yes,cellular,12,may,690,1,-1,0,unknown,yes
34,blue-collar,married,secondary,no,1682,yes,yes,cellular,28,jul,123,3,-1,0,unknown,no
54,unemployed,divorced,secondary,no,309,no,no,cellular,20,apr,241,1,-1,0,unknown,yes
58,unemployed,married,primary,no,1183,no,no,cellular,31,jul,1721,5,-1,0,unknown,yes
24,admin.,single,tertiary,no,1141,yes,no,unknown,23,may,230,1,-1,0,unknown,no
44,blue-collar,divorced,unknown,no,284,no,no,cellular,3,feb,167,4,187,5,other,no
50,unemployed,single,secondary,no,588,no,no,cellular,31,jul,649,3,-1,0,unknown,no
32,technician,married,secondary,no,765,yes,yes,cellular,14,apr,850,2,-1,0,unknown,yes
50,blue-collar,married,primary,no,-522,yes,no,cellular,13,may,863,3,-1,0,unknown,yes
44,management,married,tertiary,no,0,yes,no,unknown,28,may,260,1,-1,0,unknown,no
34,self-employed,married,primary,no,7468,yes,yes,cellular,30,apr,383,1,-1,0,unknown,yes
30,blue-collar,single,primary,no,395,no,no,cellular,21,nov,429,1,-1,0,unknown,no
71,retired,married,tertiary,no,653,no,no,telephone,26,feb,367,1,-1,0,unknown,yes
32,technician,single,tertiary,no,0,no,no,cellular,20,aug,72,4,-1,0,unknown,no
44,technician,married,secondary,no,7863,no,no,cellular,26,aug,59,6,-1,0,unknown,no
46,housemaid,married,secondary,no,38,no,no,cellular,27,may,181,3,183,1,success,yes
20,student,single,secondary,no,1819,no,no,cellular,9,apr,245,3,-1,0,unknown,yes
38,blue-collar,married,primary,no,190,yes,no,telephone,19,nov,623,1,175,1,other,yes
29,self-employed,married,tertiary,no,2305,no,no,cellular,27,may,82,2,-1,0,unknown,no
37,management,married,tertiary,no,347,yes,no,cellular,22,jul,282,1,-1,0,unknown,no
49,blue-collar,divorced,primary,no,0,yes,no,cellular,29,jul,468,2,-1,0,unknown,no
27,technician,single,secondary,no,643,no,no,telephone,14,oct,301,1,93,1,success,yes
48,technician,married,secondary,no,-205,yes,yes,cellular,9,jul,112,1,-1,0,unknown,no
52,unemployed,married,secondary,no,94,no,no,cellular,10,feb,153,1,92,13,success,yes
67,management,married,secondary,no,1287,no,no,cellular,2,feb,511,1,-1,0,unknown,no
27,student,single,tertiary,no,0,no,no,cellular,5,mar,82,3,-1,0,unknown,yes
48,blue-collar,divorced,primary,no,183,no,no,unknown,9,jun,940,1,-1,0,unknown,yes
54,blue-collar,divorced,primary,no,4401,no,no,telephone,13,may,414,1,183,2,success,yes
39,services,married,secondary,no,323,no,no,cellular,9,jun,874,2,188,6,failure,yes
33,blue-collar,married,primary,no,925,no,no,cellular,20,nov,884,3,-1,0,unknown,no
19,student,single,secondary,no,55,no,no,telephone,6,oct,89,2,193,1,other,no
49,technician,married,tertiary,no,3726,no,no,cellular,5,aug,875,2,-1,0,unknown,yes
39,technician,married,secondary,no,24,yes,no,cellular,28,jan,79,4,-1,0,unknown,no
24,blue-collar,single,secondary,no,327,yes,no,unknown,28,may,333,2,-1,0,unknown,no
25,blue-collar,single,secondary,no,0,no,no,cellular,23,apr,163,1,-1,0,unknown,yes
38,entrepreneur,married,secondary,no,61,yes,yes,unknown,28,may,170,5,-1,0,unknown,no
44,technician,divorced,secondary,no,982,yes,no,unknown,20,may,650,3,-1,0,unknown,yes
40,self-employed,married,secondary,no,0,yes,no,cellular,11,may,657,1,-1,0,unknown,yes
36,management,single,tertiary,no,479,no,no,cellular,9,feb,629,2,-1,0,unknown,yes
41,blue-collar,married,secondary,no,356,yes,no,cellular,14,may,90,5,-1,0,unknown,no
45,admin.,divorced,secondary,no,59,yes,no,cellular,24,jul,873,8,-1,0,unknown,yes
33,admin.,married,secondary,no,0,yes,no,cellular,17,nov,78,1,-1,0,unknown,no
66,retired,married,primary,no,206,no,no,cellular,9,feb,479,1,-1,0,unknown,yes
45,management,divorced,tertiary,no,1,no,no,cellular,6,aug,490,2,-1,0,unknown,yes
32,services,married,secondary,no,983,yes,no,cellular,20,nov,500,2,133,1,failure,yes
31,blue-collar,married,primary,no,1127,yes,no,telephone,13,may,43,1,349,1,failure,no
24,services,single,secondary,no,414,yes,no,cellular,18,may,493,1,370,1,other,yes
54,technician,married,secondary,no,719,yes,no,cellular,2,feb,242,1,264,1,failure,no
40,blue-collar,divorced,secondary,no,793,yes,no,unknown,15,may,109,1,-1,0,unknown,no
49,blue-collar,married,primary,no,-167,no,no,cellular,7,jul,51,1,-1,0,unknown,no
59,management,married,unknown,no,3428,yes,yes,cellular,19,nov,103,1,-1,0,unknown,no
26,technician,single,tertiary,no,515,no,no,cellular,31,may,775,1,-1,0,unknown,yes
52,services,married,secondary,no,1000,no,no,cellular,5,aug,766,2,-1,0,unknown,yes
35,management,married,secondary,no,53,yes,no,cellular,18,nov,378,1,-1,0,unknown,no
32,blue-collar,single,secondary,no,15341,no,no,unknown,21,may,738,3,-1,0,unknown,no
49,management,divorced,tertiary,no,178,no,no,cellular,6,aug,174,2,-1,0,unknown,no
38,entrepreneur,married,secondary,no,65,no,no,cellular,5,feb,173,1,-1,0,unknown,no
33,blue-collar,married,secondary,no,379,yes,yes,cellular,16,jun,263,2,-1,0,unknown,yes
29,blue-collar,married,secondary,no,162,yes,no,cellular,15,jul,126,3,-1,0,unknown,no
32,management,single,tertiary,no,312,no,no,cellular,26,may,208,2,98,2,success,yes
51,housemaid,married,unknown,no,2337,yes,no,cellular,16,apr,251,2,266,3,other,yes
44,admin.,single,secondary,no,1534,no,no,cellular,10,nov,95,1,95,3,success,yes
35,entrepreneur,married,secondary,no,2436,no,yes,cellular,14,jul,1397,3,-1,0,unknown,yes
30,services,single,secondary,no,1824,yes,no,cellular,21,jul,153,2,-1,0,unknown,no
31,management,married,tertiary,no,546,no,no,cellular,7,aug,147,2,-1,0,unknown,no
56,blue-collar,married,secondary,no,1521,yes,yes,cellular,21,nov,19,2,179,3,other,no
22,technician,single,secondary,no,283,yes,no,cellular,22,mar,254,2,-1,0,unknown,yes
28,self-employed,single,tertiary,no,3290,no,no,cellular,5,jun,201,2,-1,0,unknown,yes
52,blue-collar,married,primary,no,117,no,yes,cellular,24,jul,164,2,-1,0,unknown,no
30,services,married,secondary,no,637,yes,no,cellular,15,may,69,5,-1,0,unknown,no
43,blue-collar,married,primary,no,1401,yes,no,unknown,12,may,195,2,-1,0,unknown,no
36,management,married,tertiary,no,23,no,no,cellular,26,aug,133,11,-1,0,unknown,no
40,technician,married,secondary,no,214,no,no,cellular,25,aug,59,6,-1,0,unknown,no
30,management,married,tertiary,no,1567,yes,no,cellular,12,aug,1133,4,-1,0,unknown,yes
60,retired,divorced,secondary,no,-639,yes,no,cellular,15,may,585,1,-1,0,unknown,yes
31,services,married,secondary,no,182,no,no,cellular,20,aug,231,2,-1,0,unknown,no
53,housemaid,married,primary,no,2581,no,no,cellular,21,oct,828,1,189,1,failure,yes
34,admin.,single,tertiary,no,18,yes,yes,cellular,30,apr,359,1,-1,0,unknown,yes
36,technician,single,secondary,no,7503,yes,no,unknown,4,jun,25,1,-1,0,unknown,no
41,unemployed,single,tertiary,no,79,no,no,telephone,9,nov,394,1,390,2,success,yes
37,student,single,unknown,no,444,no,no,cellular,4,may,1063,5,-1,0,unknown,yes
34,services,married,secondary,no,1337,no,no,cellular,17,dec,330,2,127,3,success,yes
32,technician,single,secondary,no,562,yes,no,unknown,30,may,722,3,-1,0,unknown,yes
36,student,single,tertiary,no,129,no,no,cellular,28,jan,918,1,93,1,success,yes
43,management,married,tertiary,no,-391,yes,no,cellular,28,jul,193,8,-1,0,unknown,no
34,admin.,married,tertiary,no,35,yes,no,cellular,15,oct,76,1,69,2,failure,no
47,unemployed,divorced,secondary,no,0,no,yes,cellular,30,jan,127,2,233,8,other,no
45,unemployed,single,secondary,no,382,yes,yes,cellular,18,may,182,1,-1,0,unknown,no
32,student,single,tertiary,no,0,no,no,cellular,4,feb,233,3,276,2,failure,yes
50,unknown,married,unknown,no,558,no,no,cellular,9,jul,464,1,683,6,failure,yes
58,self-employed,married,secondary,no,0,yes,no,unknown,15,may,272,9,-1,0,unknown,no
71,retired,married,primary,no,4657,no,no,cellular,16,feb,93,5,-1,0,unknown,yes
41,management,married,tertiary,no,0,yes,no,unknown,13,may,161,1,-1,0,unknown,no
29,management,single,tertiary,no,874,yes,no,cellular,16,mar,231,1,181,2,success,yes
33,management,married,tertiary,no,307,no,no,unknown,16,may,806,4,-1,0,unknown,no
44,management,married,tertiary,no,1451,yes,no,cellular,5,feb,80,7,80,15,failure,no
45,technician,married,secondary,no,1412,yes,no,cellular,11,may,764,4,-1,0,unknown,no
38,blue-collar,single,primary,no,0,yes,no,cellular,7,may,350,2,-1,0,unknown,no
42,unemployed,married,secondary,no,356,yes,no,cellular,7,may,787,3,356,2,failure,yes
51,blue-collar,married,primary,no,3754,no,yes,cellular,13,aug,202,3,-1,0,unknown,no
34,technician,single,secondary,no,16,no,no,cellular,13,aug,990,1,-1,0,unknown,yes
41,blue-collar,married,secondary,no,1236,yes,no,cellular,11,may,911,3,-1,0,unknown,yes
32,technician,single,tertiary,no,388,no,no,cellular,29,apr,250,3,-1,0,unknown,yes
76,retired,married,tertiary,no,2991,no,no,cellular,25,jan,195,1,95,2,success,no
38,management,married,tertiary,no,980,no,no,unknown,3,jun,662,5,-1,0,unknown,no
38,management,single,tertiary,no,4841,no,no,cellular,22,may,580,3,-1,0,unknown,no
38,technician,married,secondary,no,5115,yes,no,cellular,2,jun,318,1,95,7,success,yes
26,technician,married,secondary,no,915,no,no,cellular,2,jun,384,1,-1,0,unknown,yes
50,blue-collar,married,primary,no,2590,yes,no,unknown,9,may,257,6,-1,0,unknown,no
37,admin.,married,secondary,no,1967,no,no,telephone,27,oct,376,1,-1,0,unknown,yes
42,admin.,married,secondary,no,6445,yes,no,unknown,2,jun,20,8,-1,0,unknown,no
67,technician,married,secondary,no,0,no,no,cellular,13,aug,1152,2,188,1,success,no
47,housemaid,divorced,primary,no,1405,no,no,unknown,12,jun,127,1,-1,0,unknown,no
44,management,married,tertiary,no,105,yes,no,unknown,6,may,1529,2,-1,0,unknown,no
33,blue-collar,married,secondary,no,-267,yes,no,cellular,20,apr,1030,3,-1,0,unknown,yes
58,admin.,married,secondary,no,169,no,no,cellular,16,nov,301,1,94,3,failure,yes
38,technician,single,tertiary,no,508,yes,yes,cellular,12,aug,1103,2,-1,0,unknown,yes
45,admin.,single,secondary,no,206,yes,no,unknown,5,may,193,1,-1,0,unknown,no
37,technician,married,secondary,no,480,no,no,cellular,22,oct,344,2,182,8,other,yes
29,technician,single,secondary,no,674,no,no,cellular,17,apr,170,5,-1,0,unknown,yes
28,technician,single,tertiary,no,75,yes,yes,cellular,5,may,233,2,-1,0,unknown,no
32,services,married,secondary,no,24,yes,yes,cellular,12,may,185,1,-1,0,unknown,no
25,blue-collar,single,secondary,no,1857,yes,no,cellular,12,oct,187,1,91,12,success,yes
32,admin.,divorced,secondary,no,1611,yes,yes,unknown,13,may,93,1,-1,0,unknown,no
22,admin.,single,tertiary,no,897,yes,no,cellular,4,feb,133,4,-1,0,unknown,yes
36,admin.,married,tertiary,no,3221,no,no,cellular,4,may,322,11,-1,0,unknown,yes
54,management,married,secondary,no,1660,no,no,cellular,20,nov,337,3,-1,0,unknown,no
57,retired,married,primary,no,333,no,no,unknown,22,aug,336,2,-1,0,unknown,no
33,technician,married,secondary,no,0,yes,yes,cellular,19,nov,163,2,-1,0,unknown,no
44,technician,married,secondary,no,7649,no,no,cellular,20,aug,188,6,-1,0,unknown,no
62,retired,married,tertiary,no,2557,yes,no,cellular,14,sep,211,1,216,7,success,yes
33,services,single,tertiary,no,395,yes,no,cellular,23,jul,1359,6,-1,0,unknown,yes
26,self-employed,married,secondary,no,492,yes,yes,cellular,15,may,439,4,-1,0,unknown,no
54,retired,divorced,tertiary,no,3076,no,no,cellular,27,may,367,2,-1,0,unknown,yes
28,admin.,single,secondary,no,1277,no,no,cellular,26,mar,475,1,-1,0,unknown,yes
74,retired,married,secondary,no,935,no,no,cellular,25,oct,400,1,173,3,success,yes
37,technician,single,secondary,no,4,no,no,cellular,11,aug,933,1,-1,0,unknown,yes
52,blue-collar,divorced,primary,yes,-183,yes,no,unknown,6,may,145,1,-1,0,unknown,no
52,management,married,tertiary,no,583,no,no,cellular,17,nov,209,1,91,2,failure,yes
47,management,married,tertiary,no,0,no,no,cellular,19,aug,213,2,-1,0,unknown,no
48,blue-collar,single,primary,no,8990,no,no,telephone,2,feb,1790,2,-1,0,unknown,yes
40,technician,single,secondary,no,822,yes,yes,cellular,29,jan,155,2,245,3,failure,no
35,technician,divorced,secondary,no,0,no,no,cellular,25,aug,124,4,-1,0,unknown,no
58,unemployed,married,secondary,no,610,yes,no,telephone,29,jul,246,2,-1,0,unknown,no
37,blue-collar,married,secondary,no,2924,no,no,cellular,31,jul,74,2,-1,0,unknown,no
52,admin.,single,secondary,no,-528,yes,yes,cellular,1,jun,1144,2,-1,0,unknown,yes
30,management,single,tertiary,no,2,no,no,cellular,23,mar,269,1,-1,0,unknown,no
30,management,single,tertiary,no,199,no,yes,cellular,28,jul,131,7,-1,0,unknown,no
45,technician,divorced,secondary,no,441,yes,no,cellular,2,feb,535,1,-1,0,unknown,no
48,unemployed,married,secondary,no,817,no,no,cellular,14,jan,517,1,282,4,success,yes
30,services,single,secondary,no,1881,no,yes,unknown,26,jun,29,1,-1,0,unknown,no
27,services,married,secondary,no,221,no,yes,cellular,7,jul,554,1,-1,0,unknown,no
36,admin.,married,secondary,no,1314,yes,no,cellular,17,jul,330,3,-1,0,unknown,no
70,retired,married,primary,no,6538,no,no,cellular,9,sep,394,1,-1,0,unknown,yes
56,management,married,tertiary,no,616,no,no,cellular,13,aug,293,2,105,2,success,yes
32,services,married,secondary,no,1398,yes,yes,cellular,15,may,233,1,-1,0,unknown,no
35,management,married,tertiary,no,193,yes,no,cellular,30,apr,565,1,13,1,failure,yes
45,management,married,tertiary,no,506,no,no,cellular,23,apr,229,2,-1,0,unknown,yes
34,technician,single,tertiary,no,0,yes,no,cellular,17,apr,158,2,-1,0,unknown,no
27,services,single,secondary,no,1347,no,no,telephone,28,dec,824,1,193,11,success,yes
39,unknown,single,unknown,no,0,no,no,telephone,28,jan,28,1,-1,0,unknown,no
74,retired,married,secondary,no,1714,no,no,telephone,17,feb,127,1,-1,0,unknown,yes
51,admin.,married,secondary,no,4178,yes,no,unknown,30,may,556,1,-1,0,unknown,no
38,blue-collar,single,primary,no,947,yes,no,cellular,12,may,361,2,-1,0,unknown,no
45,technician,divorced,secondary,no,0,no,no,cellular,26,aug,64,2,-1,0,unknown,no
50,management,married,tertiary,no,346,no,no,cellular,6,feb,178,1,-1,0,unknown,yes
34,blue-collar,married,secondary,no,34,no,no,cellular,30,jan,379,1,-1,0,unknown,no
60,retired,married,tertiary,no,0,no,no,cellular,25,aug,101,3,-1,0,unknown,no
44,management,married,tertiary,no,1850,yes,no,cellular,6,may,274,1,-1,0,unknown,no
52,blue-collar,married,primary,no,1409,yes,no,unknown,19,jun,224,1,-1,0,unknown,no
48,technician,married,secondary,no,335,no,no,unknown,17,jun,214,3,-1,0,unknown,no
38,management,married,unknown,no,76,no,no,cellular,16,mar,261,1,-1,0,unknown,yes
43,admin.,married,secondary,no,132,no,no,cellular,27,may,187,2,71,1,success,yes
38,management,married,tertiary,no,1276,no,no,cellular,17,may,272,2,182,3,success,yes
34,blue-collar,married,secondary,no,808,yes,yes,cellular,17,jul,20,3,-1,0,unknown,no
23,student,single,secondary,no,794,no,no,cellular,26,jul,607,3,171,3,other,yes
38,blue-collar,married,secondary,no,-367,yes,yes,cellular,12,may,354,1,-1,0,unknown,no
28,blue-collar,married,secondary,no,173,no,no,cellular,18,jul,588,7,-1,0,unknown,yes
23,management,single,tertiary,no,2143,no,no,cellular,30,mar,180,2,-1,0,unknown,yes
54,technician,married,secondary,no,3323,yes,yes,cellular,8,apr,59,3,-1,0,unknown,no
48,technician,married,secondary,no,1000,no,no,cellular,21,nov,104,2,-1,0,unknown,no
64,retired,married,unknown,no,679,no,no,telephone,16,nov,167,1,-1,0,unknown,yes
48,blue-collar,married,primary,no,476,no,no,cellular,11,aug,856,3,-1,0,unknown,yes
41,blue-collar,single,unknown,no,961,yes,no,unknown,29,may,117,1,-1,0,unknown,no
39,technician,married,tertiary,no,206,no,no,cellular,20,oct,148,2,195,2,success,yes
47,admin.,married,secondary,no,3676,no,no,cellular,18,oct,567,1,95,3,success,yes
40,management,married,tertiary,no,143,no,no,cellular,13,aug,832,6,-1,0,unknown,no
32,management,married,tertiary,no,9214,no,yes,unknown,18,oct,71,1,-1,0,unknown,no
46,admin.,married,secondary,no,22,no,no,cellular,26,aug,388,6,-1,0,unknown,yes
28,self-employed,single,secondary,no,5679,yes,no,cellular,9,feb,701,4,-1,0,unknown,yes
36,management,married,tertiary,no,393,yes,no,cellular,30,apr,555,2,-1,0,unknown,yes
28,management,single,tertiary,no,41,yes,no,cellular,15,may,885,3,352,2,other,yes
39,admin.,divorced,secondary,no,765,no,no,unknown,9,jun,155,3,-1,0,unknown,no
50,entrepreneur,divorced,tertiary,no,816,no,no,cellular,19,nov,630,1,-1,0,unknown,no
44,blue-collar,married,secondary,no,1397,no,no,cellular,20,nov,326,1,-1,0,unknown,no
57,management,married,primary,no,6900,no,no,cellular,23,oct,255,4,185,2,failure,yes
31,technician,single,secondary,no,1282,no,no,cellular,12,may,144,1,460,2,failure,no
39,technician,married,secondary,no,116,no,no,cellular,22,may,554,2,-1,0,unknown,yes
66,retired,married,tertiary,no,1948,no,no,cellular,28,jan,216,1,91,4,success,yes
30,admin.,single,secondary,no,223,yes,no,unknown,6,jun,862,11,-1,0,unknown,yes
44,management,divorced,tertiary,no,0,no,no,unknown,6,jun,373,1,-1,0,unknown,no
30,blue-collar,single,secondary,no,522,no,no,cellular,6,feb,197,3,-1,0,unknown,no
43,management,married,tertiary,no,1791,no,no,cellular,5,aug,254,1,-1,0,unknown,yes
31,management,divorced,tertiary,no,883,yes,no,cellular,19,nov,168,1,-1,0,unknown,no
41,admin.,married,secondary,no,124,yes,no,cellular,12,may,191,3,-1,0,unknown,no
33,services,married,tertiary,no,597,no,no,cellular,4,feb,134,1,-1,0,unknown,no
49,admin.,single,tertiary,no,228,yes,no,cellular,2,mar,368,1,-1,0,unknown,yes
26,management,single,tertiary,no,1438,no,no,cellular,27,apr,321,1,449,1,other,yes
56,services,divorced,secondary,no,72,yes,yes,cellular,7,may,263,1,357,4,failure,no
47,housemaid,divorced,secondary,no,1453,no,no,unknown,12,jun,303,1,-1,0,unknown,no
47,management,married,tertiary,no,1147,no,no,cellular,2,jun,654,1,95,1,failure,yes
26,blue-collar,married,secondary,no,245,yes,no,unknown,28,may,146,2,-1,0,unknown,no
29,unemployed,single,tertiary,no,497,yes,no,cellular,18,may,642,3,298,6,success,yes
72,retired,married,primary,no,1388,no,no,telephone,20,oct,513,1,-1,0,unknown,yes
36,blue-collar,married,secondary,no,2894,yes,no,cellular,17,jul,747,1,-1,0,unknown,no
54,housemaid,single,secondary,no,1213,no,no,cellular,12,nov,241,1,-1,0,unknown,yes
58,management,married,tertiary,no,2183,yes,no,cellular,22,jul,209,1,-1,0,unknown,no
30,technician,single,secondary,no,298,yes,no,unknown,16,may,164,2,-1,0,unknown,no
34,management,single,tertiary,no,9827,yes,no,cellular,13,aug,871,4,-1,0,unknown,yes
38,admin.,divorced,secondary,no,930,yes,no,cellular,5,may,46,1,-1,0,unknown,no
34,self-employed,single,secondary,no,3,yes,no,unknown,5,may,301,1,-1,0,unknown,no
41,management,divorced,tertiary,no,647,yes,no,unknown,16,may,270,1,-1,0,unknown,no
51,management,divorced,tertiary,no,0,yes,no,cellular,28,jul,534,4,-1,0,unknown,no
28,student,single,secondary,no,0,no,no,cellular,20,apr,185,1,-1,0,unknown,yes
37,technician,married,secondary,no,432,yes,no,cellular,6,jul,386,3,776,55,failure,yes
25,admin.,single,secondary,no,120,yes,no,unknown,3,jun,542,1,-1,0,unknown,no
32,technician,married,secondary,no,484,yes,no,cellular,12,aug,668,2,463,1,success,yes
59,management,married,primary,no,396,yes,no,unknown,2,jun,72,3,-1,0,unknown,no
31,entrepreneur,divorced,secondary,no,290,yes,no,cellular,13,apr,230,1,-1,0,unknown,no
37,management,married,secondary,no,565,no,no,cellular,6,aug,174,1,93,3,failure,yes
37,admin.,divorced,secondary,no,1573,yes,no,cellular,12,may,639,3,326,10,failure,no
37,management,single,tertiary,no,2173,no,no,cellular,21,nov,158,3,114,1,failure,no
34,management,married,tertiary,no,3301,yes,no,cellular,17,jun,485,2,227,4,failure,yes
46,technician,divorced,secondary,no,-824,yes,no,cellular,7,aug,429,3,-1,0,unknown,yes
37,management,married,tertiary,no,156,no,no,cellular,19,nov,366,3,-1,0,unknown,yes
53,admin.,married,secondary,no,578,no,no,cellular,29,aug,59,2,-1,0,unknown,no
28,unemployed,married,primary,no,7459,yes,no,cellular,2,feb,981,5,269,2,failure,yes
58,self-employed,married,tertiary,no,5810,no,no,cellular,12,mar,139,1,-1,0,unknown,yes
50,self-employed,divorced,tertiary,no,13,yes,no,cellular,20,apr,76,1,-1,0,unknown,yes
40,management,married,tertiary,no,3352,yes,no,telephone,23,oct,138,1,-1,0,unknown,yes
29,management,single,tertiary,no,1566,yes,no,unknown,4,jun,233,1,-1,0,unknown,no
49,management,married,tertiary,no,3237,yes,no,unknown,5,may,232,3,-1,0,unknown,no
33,management,single,tertiary,no,20,no,no,cellular,21,aug,329,2,-1,0,unknown,no
38,management,married,tertiary,no,1101,yes,no,telephone,9,nov,43,1,-1,0,unknown,no
34,technician,single,secondary,no,692,yes,no,unknown,20,may,254,1,-1,0,unknown,no
53,services,married,primary,no,8918,yes,no,telephone,23,jul,173,2,-1,0,unknown,no
53,management,divorced,tertiary,no,2894,yes,no,cellular,5,may,163,1,-1,0,unknown,no
30,management,single,tertiary,no,156,yes,no,unknown,9,jun,174,9,-1,0,unknown,no
58,retired,married,tertiary,no,1425,no,no,cellular,30,apr,224,1,-1,0,unknown,yes
46,management,single,tertiary,no,2904,yes,no,unknown,30,may,984,2,-1,0,unknown,yes
41,management,married,tertiary,no,1897,yes,no,unknown,19,may,335,3,-1,0,unknown,no
31,management,married,tertiary,no,216,no,no,cellular,22,jul,47,1,-1,0,unknown,no
77,retired,divorced,secondary,no,0,no,no,cellular,25,sep,210,1,-1,0,unknown,yes
33,technician,single,tertiary,no,1636,yes,no,cellular,27,feb,165,1,-1,0,unknown,yes
32,services,single,secondary,no,1168,yes,no,cellular,16,nov,411,1,-1,0,unknown,yes
30,technician,single,tertiary,no,10,no,no,cellular,26,aug,276,8,-1,0,unknown,no
31,blue-collar,married,secondary,no,435,yes,no,unknown,21,may,204,1,-1,0,unknown,no
52,management,married,tertiary,no,0,no,no,cellular,12,aug,106,2,-1,0,unknown,no
50,admin.,married,secondary,no,1138,yes,yes,cellular,31,jul,73,8,-1,0,unknown,no
38,technician,married,secondary,no,4539,no,no,cellular,16,sep,387,1,-1,0,unknown,yes
27,admin.,married,tertiary,no,346,no,no,cellular,11,oct,212,1,-1,0,unknown,yes
60,retired,married,secondary,no,1690,no,no,unknown,20,jun,1467,4,-1,0,unknown,yes
58,blue-collar,married,primary,no,3109,no,no,cellular,29,jun,295,1,287,4,success,yes
73,retired,married,unknown,no,739,no,no,cellular,11,sep,210,1,-1,0,unknown,yes
41,technician,married,secondary,no,335,no,no,cellular,18,aug,169,3,-1,0,unknown,no
54,technician,single,tertiary,no,118,no,no,cellular,5,apr,280,1,-1,0,unknown,yes
49,management,married,tertiary,no,342,no,no,cellular,30,jan,433,2,228,1,failure,no
30,technician,single,secondary,no,2544,no,no,cellular,8,apr,108,2,-1,0,unknown,yes
47,technician,divorced,secondary,no,2836,no,yes,cellular,14,aug,10,2,-1,0,unknown,no
54,admin.,married,tertiary,no,59,yes,no,cellular,10,jul,268,1,-1,0,unknown,no
35,management,married,tertiary,no,244,yes,no,cellular,19,nov,138,1,-1,0,unknown,no
44,blue-collar,married,primary,no,0,yes,no,cellular,30,jul,83,2,-1,0,unknown,no
30,technician,single,tertiary,no,178,no,no,cellular,17,jul,656,3,-1,0,unknown,yes
36,technician,single,secondary,no,651,no,no,cellular,7,aug,876,1,-1,0,unknown,yes
60,retired,married,secondary,no,2060,no,no,cellular,29,jun,135,4,95,4,failure,no
33,admin.,married,tertiary,no,640,no,no,cellular,24,jul,318,1,-1,0,unknown,no
49,entrepreneur,married,secondary,no,89,yes,no,cellular,12,may,351,1,-1,0,unknown,no
46,admin.,married,secondary,no,974,no,no,cellular,17,mar,178,1,-1,0,unknown,yes
49,services,married,secondary,no,-301,yes,no,cellular,12,may,187,4,-1,0,unknown,no
33,technician,single,secondary,no,2979,no,no,cellular,5,aug,326,2,437,1,failure,yes
46,technician,married,secondary,no,3434,no,yes,cellular,27,feb,115,1,-1,0,unknown,yes
30,management,married,tertiary,no,1195,no,no,cellular,18,jul,146,2,-1,0,unknown,no
57,admin.,married,primary,no,1694,yes,no,telephone,17,nov,378,1,-1,0,unknown,no
72,admin.,married,primary,no,2321,no,no,cellular,14,sep,221,2,64,12,failure,yes
34,blue-collar,divorced,secondary,no,383,yes,no,unknown,13,may,2231,1,-1,0,unknown,yes
53,blue-collar,single,secondary,no,1004,no,no,cellular,13,may,393,1,84,1,other,yes
23,services,married,secondary,no,1309,yes,no,unknown,3,jun,349,2,-1,0,unknown,no
38,management,married,tertiary,no,0,no,no,cellular,24,sep,246,12,197,6,failure,no
39,blue-collar,married,secondary,no,854,yes,yes,cellular,6,may,181,1,-1,0,unknown,no
30,technician,married,secondary,no,776,no,no,cellular,30,apr,861,2,-1,0,unknown,yes
32,management,single,tertiary,no,597,no,yes,cellular,24,jul,869,1,-1,0,unknown,no
35,admin.,married,tertiary,no,318,yes,yes,cellular,1,oct,142,1,-1,0,unknown,no
55,technician,married,secondary,no,1938,no,yes,cellular,18,aug,193,1,386,3,success,yes
57,housemaid,married,primary,no,1969,no,no,cellular,14,aug,286,3,-1,0,unknown,no
59,admin.,married,secondary,no,0,yes,no,cellular,10,jul,982,1,-1,0,unknown,yes
29,blue-collar,married,secondary,no,100,yes,yes,cellular,6,may,152,4,344,2,failure,no
34,management,married,tertiary,no,271,yes,no,cellular,15,feb,308,1,94,4,success,yes
33,management,married,tertiary,no,1148,no,no,cellular,19,nov,299,1,-1,0,unknown,no
56,retired,married,primary,no,9367,no,no,cellular,4,may,617,2,-1,0,unknown,yes
33,services,single,unknown,no,2297,no,no,cellular,27,jul,527,1,-1,0,unknown,yes
26,management,single,tertiary,no,114,yes,no,cellular,7,may,457,1,-1,0,unknown,yes
38,admin.,married,secondary,no,0,yes,no,telephone,16,jul,284,8,-1,0,unknown,no
87,retired,married,secondary,no,433,no,no,telephone,15,dec,150,1,-1,0,unknown,no
54,technician,married,secondary,no,3994,no,yes,cellular,16,apr,299,2,-1,0,unknown,yes
52,services,married,secondary,no,108,yes,no,unknown,15,may,543,12,-1,0,unknown,no
30,management,divorced,tertiary,no,46,no,no,cellular,13,aug,382,3,-1,0,unknown,no
39,technician,married,secondary,no,10685,yes,no,cellular,25,jul,1369,9,-1,0,unknown,yes
54,technician,married,unknown,no,240,yes,no,cellular,29,oct,142,1,-1,0,unknown,yes
31,management,single,tertiary,no,59,yes,yes,cellular,6,may,1347,2,363,1,failure,yes
36,admin.,single,secondary,no,2556,yes,no,cellular,13,apr,342,1,-1,0,unknown,no
59,services,married,secondary,no,307,yes,yes,unknown,6,may,250,7,-1,0,unknown,no
37,admin.,married,secondary,no,1314,yes,no,cellular,22,may,74,1,14,9,failure,no
62,housemaid,married,tertiary,no,1528,no,no,cellular,15,oct,134,2,184,1,success,yes
33,services,married,secondary,no,403,yes,no,unknown,20,may,274,2,-1,0,unknown,no
55,unemployed,married,secondary,no,1436,yes,no,cellular,4,feb,969,2,-1,0,unknown,no
43,technician,married,tertiary,no,4333,yes,no,cellular,20,nov,1490,3,-1,0,unknown,yes
29,technician,single,secondary,no,3466,no,no,cellular,21,apr,274,1,-1,0,unknown,yes
44,technician,divorced,secondary,no,1262,yes,no,unknown,26,may,788,11,-1,0,unknown,yes
55,services,married,secondary,no,2476,yes,no,unknown,5,may,579,1,-1,0,unknown,yes
42,blue-collar,married,secondary,no,429,yes,no,cellular,18,may,110,1,370,1,failure,no
35,management,divorced,tertiary,no,141,no,yes,cellular,20,nov,728,1,-1,0,unknown,yes
25,student,single,secondary,no,358,no,no,cellular,16,nov,330,1,-1,0,unknown,yes
56,blue-collar,divorced,primary,no,8,yes,no,unknown,5,may,157,2,-1,0,unknown,no
49,technician,married,secondary,yes,-74,yes,no,cellular,19,nov,114,1,-1,0,unknown,no
52,housemaid,divorced,secondary,no,131,yes,yes,cellular,11,may,87,1,-1,0,unknown,no
52,management,married,tertiary,no,1944,yes,no,cellular,15,apr,238,3,323,2,failure,no
41,blue-collar,divorced,secondary,no,5291,yes,no,unknown,14,may,1423,3,-1,0,unknown,yes
64,housemaid,married,unknown,no,2645,no,no,telephone,3,feb,219,2,-1,0,unknown,yes
59,admin.,single,secondary,no,2166,yes,yes,cellular,7,may,574,1,-1,0,unknown,yes
58,management,divorced,secondary,no,3161,no,no,telephone,30,jul,542,2,-1,0,unknown,yes
41,services,married,unknown,no,1538,no,no,cellular,29,jul,710,2,-1,0,unknown,yes
47,technician,divorced,secondary,no,236,no,no,cellular,18,aug,263,4,-1,0,unknown,no
29,admin.,single,secondary,no,3528,no,no,cellular,8,oct,137,1,-1,0,unknown,yes
29,blue-collar,married,primary,no,630,yes,no,cellular,30,jul,219,5,-1,0,unknown,no
40,admin.,married,secondary,no,732,no,no,cellular,9,sep,71,1,139,4,success,no
57,technician,divorced,tertiary,no,126,no,no,telephone,4,jun,166,2,-1,0,unknown,yes
39,technician,married,secondary,no,1587,yes,no,cellular,2,jun,171,3,-1,0,unknown,yes
59,retired,married,secondary,no,1035,yes,yes,cellular,5,aug,223,1,-1,0,unknown,no
33,management,single,tertiary,no,23,no,no,cellular,20,aug,216,3,-1,0,unknown,no
53,admin.,married,secondary,no,53,yes,no,cellular,18,may,387,1,-1,0,unknown,yes
31,management,single,tertiary,no,5205,no,no,cellular,9,jun,529,2,-1,0,unknown,yes
38,admin.,single,secondary,no,77,no,no,cellular,20,nov,441,4,-1,0,unknown,no
54,technician,married,secondary,no,2102,yes,no,cellular,5,apr,547,1,626,2,failure,yes
47,admin.,married,unknown,no,989,no,no,unknown,19,jun,116,1,-1,0,unknown,no
32,services,single,tertiary,no,945,no,no,cellular,20,nov,531,1,-1,0,unknown,yes
42,blue-collar,married,primary,no,0,no,no,unknown,20,jun,19,2,-1,0,unknown,no
30,blue-collar,married,secondary,no,501,yes,yes,cellular,20,nov,994,1,177,1,failure,yes
36,blue-collar,married,secondary,no,928,no,no,cellular,17,apr,224,3,-1,0,unknown,no
21,student,single,secondary,no,123,no,no,telephone,12,feb,379,5,93,2,success,yes
60,management,married,secondary,no,544,no,no,cellular,12,jun,95,7,357,2,failure,yes
33,self-employed,single,tertiary,no,94,yes,no,cellular,5,may,955,2,-1,0,unknown,yes
24,admin.,single,tertiary,no,-61,no,no,cellular,11,mar,95,4,-1,0,unknown,yes
29,admin.,single,secondary,no,1277,no,no,cellular,20,jul,165,2,481,1,success,yes
55,retired,married,secondary,no,1431,no,yes,cellular,28,jan,107,1,-1,0,unknown,no
32,management,married,tertiary,no,26,no,no,cellular,22,aug,222,6,-1,0,unknown,no
51,unemployed,married,tertiary,no,1801,no,no,cellular,16,apr,838,3,-1,0,unknown,yes
26,blue-collar,single,secondary,no,78,no,no,telephone,28,jan,43,1,-1,0,unknown,no
74,retired,married,primary,no,1765,no,no,telephone,11,sep,290,2,-1,0,unknown,yes
57,management,married,tertiary,no,350,no,no,telephone,4,may,87,3,-1,0,unknown,no
40,blue-collar,married,secondary,no,1451,no,no,cellular,30,sep,117,1,121,1,success,yes
35,housemaid,married,primary,no,113,yes,no,cellular,17,jul,923,2,-1,0,unknown,yes
29,blue-collar,married,secondary,no,296,yes,no,unknown,4,jun,153,1,-1,0,unknown,no
33,self-employed,married,tertiary,no,1278,no,no,cellular,6,oct,649,1,-1,0,unknown,yes
37,management,married,tertiary,no,0,no,no,cellular,16,jul,268,2,182,3,success,yes
41,technician,single,tertiary,no,1646,yes,no,cellular,5,aug,172,3,92,8,success,yes
36,admin.,divorced,secondary,no,592,no,no,cellular,13,oct,204,2,99,5,failure,yes
40,blue-collar,married,secondary,no,280,yes,no,cellular,8,may,435,2,340,3,failure,no
38,services,married,secondary,no,133,yes,no,unknown,27,may,267,1,-1,0,unknown,no
23,blue-collar,married,secondary,no,94,yes,no,unknown,5,may,193,1,-1,0,unknown,no
49,admin.,married,secondary,no,1047,no,no,cellular,8,aug,133,4,-1,0,unknown,no
39,blue-collar,divorced,primary,no,3,no,yes,unknown,1,jul,625,1,-1,0,unknown,no
56,housemaid,divorced,primary,no,61,no,no,cellular,2,jun,144,1,-1,0,unknown,no
38,technician,married,tertiary,no,206,no,no,cellular,8,apr,350,2,-1,0,unknown,yes
46,management,married,tertiary,no,2817,no,no,cellular,17,sep,543,1,-1,0,unknown,yes
48,services,divorced,secondary,no,-276,yes,yes,cellular,13,may,674,1,-1,0,unknown,yes
34,management,single,tertiary,no,-578,yes,no,cellular,18,may,767,2,-1,0,unknown,yes
59,retired,married,primary,no,574,no,no,cellular,18,aug,197,6,-1,0,unknown,no
35,management,married,tertiary,no,611,no,no,cellular,1,oct,305,2,121,1,success,yes
48,blue-collar,married,primary,no,237,yes,no,unknown,19,jun,18,18,-1,0,unknown,no
28,management,single,tertiary,no,320,yes,no,cellular,30,apr,239,1,-1,0,unknown,no
31,blue-collar,single,secondary,no,1207,yes,no,cellular,17,apr,163,2,-1,0,unknown,no
31,management,married,tertiary,no,477,yes,no,cellular,21,nov,77,5,-1,0,unknown,no
36,management,married,tertiary,no,6641,no,no,cellular,30,jul,105,4,-1,0,unknown,no
52,self-employed,married,secondary,no,-488,yes,no,unknown,29,may,322,1,-1,0,unknown,no
41,management,divorced,unknown,no,465,yes,no,cellular,22,jul,1508,1,-1,0,unknown,yes
60,retired,divorced,tertiary,no,979,yes,no,cellular,15,jan,295,3,347,1,failure,yes
30,student,single,secondary,no,1681,no,no,cellular,23,mar,128,1,106,2,success,yes
78,retired,married,unknown,no,4807,no,no,telephone,3,feb,892,2,104,4,success,yes
29,services,married,secondary,no,6567,yes,no,cellular,15,may,792,2,298,1,failure,yes
60,admin.,married,unknown,no,478,no,no,cellular,19,jul,173,2,311,8,failure,yes
33,blue-collar,single,primary,no,1390,yes,no,unknown,21,may,192,1,-1,0,unknown,no
55,housemaid,married,primary,no,1537,no,no,unknown,19,jun,359,1,-1,0,unknown,no
25,services,single,secondary,no,594,no,no,cellular,4,jun,89,2,-1,0,unknown,yes
31,technician,divorced,secondary,no,304,no,no,cellular,2,feb,133,2,-1,0,unknown,no
55,admin.,married,tertiary,no,46,no,no,cellular,29,aug,59,4,-1,0,unknown,no
29,blue-collar,married,primary,no,111,yes,no,cellular,6,may,14,11,-1,0,unknown,no
29,technician,single,secondary,no,1395,yes,no,unknown,26,may,61,1,-1,0,unknown,no
55,management,married,unknown,no,1504,yes,no,cellular,31,aug,186,3,101,2,success,yes
77,retired,divorced,secondary,no,3417,no,no,cellular,12,nov,134,1,-1,0,unknown,yes
38,admin.,divorced,secondary,no,3834,yes,no,cellular,13,apr,363,2,327,1,failure,no
61,retired,married,unknown,no,-492,no,yes,unknown,4,jul,333,1,-1,0,unknown,no
48,blue-collar,divorced,primary,no,2677,no,no,unknown,20,jun,23,3,-1,0,unknown,no
34,services,married,secondary,no,-538,yes,no,unknown,26,may,682,1,-1,0,unknown,yes
35,management,divorced,tertiary,no,3837,yes,no,unknown,8,may,1084,1,-1,0,unknown,yes
31,management,single,tertiary,no,0,yes,yes,cellular,14,may,117,3,352,3,failure,no
26,blue-collar,single,secondary,no,535,no,no,cellular,14,aug,125,1,-1,0,unknown,yes
45,admin.,divorced,tertiary,no,1506,no,no,cellular,28,jul,365,4,-1,0,unknown,yes
35,management,married,secondary,no,533,no,no,cellular,6,aug,221,12,-1,0,unknown,no
34,blue-collar,married,primary,no,-78,yes,no,unknown,9,may,198,1,-1,0,unknown,no
47,unemployed,married,primary,no,324,no,no,cellular,21,nov,462,2,-1,0,unknown,yes
34,technician,married,secondary,no,806,no,no,cellular,19,jul,253,3,458,1,success,yes
47,admin.,married,secondary,no,1265,no,no,cellular,7,aug,137,2,-1,0,unknown,no
57,services,single,secondary,no,0,no,no,cellular,6,aug,355,1,-1,0,unknown,yes
48,management,married,unknown,no,0,yes,no,cellular,8,may,612,1,344,1,other,no
27,student,single,unknown,no,468,no,no,cellular,4,feb,270,2,-1,0,unknown,no
35,management,single,tertiary,no,837,no,no,cellular,4,aug,329,1,-1,0,unknown,no
55,retired,married,secondary,no,2312,no,no,unknown,12,jun,60,1,-1,0,unknown,no
50,entrepreneur,married,secondary,no,854,no,no,cellular,16,apr,198,1,-1,0,unknown,no
25,admin.,single,tertiary,no,1141,yes,no,cellular,5,may,718,1,347,1,failure,no
46,technician,married,secondary,no,0,no,no,cellular,30,apr,200,1,259,2,other,yes
21,student,single,secondary,no,2488,no,no,cellular,30,jun,258,6,169,3,success,yes
40,technician,married,secondary,no,192,no,no,cellular,7,aug,266,2,-1,0,unknown,no
48,blue-collar,married,secondary,no,1596,yes,no,unknown,14,may,760,1,-1,0,unknown,yes
75,retired,divorced,primary,no,3881,yes,no,cellular,4,feb,136,3,-1,0,unknown,yes
55,blue-collar,married,primary,no,512,no,no,cellular,5,aug,1200,2,-1,0,unknown,yes
64,retired,married,primary,no,43,no,no,cellular,10,dec,232,1,-1,0,unknown,yes
48,unemployed,divorced,secondary,no,201,no,no,cellular,10,nov,594,1,91,1,success,yes
46,management,single,tertiary,no,2278,no,no,cellular,12,aug,218,5,-1,0,unknown,no
45,services,married,secondary,no,0,no,no,unknown,4,jun,153,6,-1,0,unknown,no
62,retired,married,secondary,no,569,no,no,cellular,3,aug,187,2,180,6,success,yes
24,student,single,secondary,no,3176,no,no,cellular,13,jan,108,2,-1,0,unknown,yes
29,student,single,secondary,no,658,no,no,cellular,15,jul,198,2,244,4,other,yes
68,retired,married,secondary,no,20723,yes,no,cellular,28,apr,318,2,-1,0,unknown,no
36,admin.,married,secondary,no,162,yes,yes,cellular,20,apr,340,2,-1,0,unknown,no
61,admin.,married,secondary,no,1046,yes,no,cellular,21,aug,158,1,-1,0,unknown,yes
30,management,single,tertiary,no,1466,no,no,cellular,12,aug,111,4,-1,0,unknown,no
31,technician,married,secondary,no,450,no,yes,cellular,20,nov,111,2,129,4,failure,no
58,retired,single,primary,no,999,no,no,cellular,25,jul,188,6,-1,0,unknown,no
47,technician,married,secondary,no,1571,yes,no,cellular,11,may,261,1,369,2,failure,no
35,technician,divorced,secondary,no,515,yes,yes,cellular,29,aug,114,3,-1,0,unknown,no
59,entrepreneur,married,primary,no,0,no,no,unknown,19,jun,239,1,-1,0,unknown,no
53,blue-collar,divorced,primary,no,559,no,no,telephone,9,feb,16,5,-1,0,unknown,no
55,retired,married,secondary,no,1279,yes,no,cellular,13,may,446,3,357,8,other,no
28,admin.,single,secondary,no,136,no,no,cellular,16,jun,355,1,-1,0,unknown,yes
32,management,single,tertiary,no,311,no,no,unknown,12,may,757,2,-1,0,unknown,yes
34,management,single,tertiary,no,76,yes,no,cellular,13,may,747,2,371,3,failure,yes
28,self-employed,single,tertiary,no,2503,no,no,cellular,25,may,426,1,-1,0,unknown,yes
29,services,single,secondary,no,887,no,no,cellular,4,feb,343,1,-1,0,unknown,no
37,blue-collar,married,primary,no,89,no,yes,telephone,8,jul,336,4,-1,0,unknown,no
28,blue-collar,married,secondary,no,0,yes,no,cellular,15,may,6,4,-1,0,unknown,no
36,management,single,tertiary,no,5958,yes,no,cellular,22,sep,155,1,184,1,success,yes
36,admin.,single,secondary,no,8785,yes,no,cellular,20,nov,425,2,-1,0,unknown,no
42,technician,divorced,secondary,no,1533,no,yes,cellular,5,aug,86,1,-1,0,unknown,no
35,management,married,tertiary,no,0,yes,yes,cellular,25,jul,86,4,-1,0,unknown,no
53,management,married,tertiary,no,3754,no,no,cellular,22,apr,307,1,278,2,failure,yes
42,technician,divorced,secondary,no,-106,yes,no,unknown,29,may,95,1,-1,0,unknown,no
59,retired,married,tertiary,no,422,yes,no,cellular,14,may,647,4,-1,0,unknown,yes
45,admin.,single,secondary,no,946,yes,no,cellular,21,nov,56,2,175,4,failure,no
40,blue-collar,married,secondary,no,-438,no,no,cellular,11,may,1017,1,-1,0,unknown,yes
31,management,single,tertiary,no,2016,no,no,cellular,30,apr,209,1,-1,0,unknown,yes
35,management,single,tertiary,no,0,no,no,cellular,25,aug,81,6,-1,0,unknown,no
53,blue-collar,divorced,primary,no,2656,yes,no,unknown,30,may,1980,2,-1,0,unknown,yes
77,retired,married,tertiary,no,0,no,no,cellular,16,oct,847,1,60,1,success,yes
35,management,single,tertiary,no,805,no,no,cellular,17,sep,613,1,-1,0,unknown,no
60,admin.,married,tertiary,no,1614,no,no,cellular,20,aug,921,6,-1,0,unknown,yes
32,technician,married,secondary,no,473,no,yes,cellular,7,may,292,3,-1,0,unknown,yes
37,admin.,married,secondary,no,0,yes,no,cellular,9,dec,179,1,190,1,success,yes
29,self-employed,single,tertiary,no,1579,no,no,cellular,13,oct,190,1,92,5,success,yes
32,management,married,tertiary,no,607,yes,no,unknown,18,jun,1060,5,-1,0,unknown,yes
50,blue-collar,married,primary,no,4108,yes,no,cellular,7,aug,526,2,-1,0,unknown,yes
28,blue-collar,single,secondary,no,1735,yes,no,cellular,20,apr,89,1,-1,0,unknown,no
32,student,single,tertiary,no,1138,no,no,cellular,4,may,214,3,83,3,success,yes
38,services,married,secondary,no,507,yes,no,cellular,17,apr,55,1,344,1,failure,no
50,admin.,married,tertiary,no,6574,no,no,cellular,8,sep,495,1,92,3,success,yes
33,services,married,secondary,no,386,no,no,cellular,12,nov,253,1,92,4,failure,yes
37,technician,single,secondary,no,-59,yes,no,cellular,22,jul,70,1,-1,0,unknown,no
47,technician,married,tertiary,yes,-813,yes,yes,unknown,16,jun,179,25,-1,0,unknown,no
27,management,single,primary,yes,13,no,no,cellular,30,jan,475,3,-1,0,unknown,yes
59,entrepreneur,married,primary,no,222,no,no,cellular,18,nov,97,1,-1,0,unknown,no
57,admin.,single,secondary,no,5768,yes,no,unknown,19,jun,512,1,-1,0,unknown,yes
58,blue-collar,married,primary,no,96,no,no,unknown,16,jun,76,3,-1,0,unknown,no
47,blue-collar,married,primary,no,643,yes,no,unknown,20,jun,18,6,-1,0,unknown,no
55,retired,married,secondary,no,0,no,no,cellular,4,aug,1110,1,-1,0,unknown,yes
25,technician,single,secondary,no,4859,no,no,cellular,12,jan,227,1,-1,0,unknown,yes
42,technician,married,tertiary,no,757,no,no,cellular,30,apr,354,1,79,1,success,yes
40,blue-collar,married,secondary,no,668,yes,no,cellular,17,apr,156,2,318,1,other,no
30,technician,single,tertiary,no,106,yes,no,cellular,13,may,119,3,-1,0,unknown,no
32,admin.,married,secondary,no,337,no,no,cellular,15,may,51,3,368,1,failure,no
59,admin.,married,secondary,no,145,yes,no,telephone,12,may,556,2,287,13,success,yes
38,unemployed,single,secondary,no,804,no,no,cellular,1,jun,1087,1,-1,0,unknown,yes
30,admin.,single,secondary,no,915,yes,no,unknown,27,apr,370,1,-1,0,unknown,yes
44,self-employed,married,primary,no,0,no,no,cellular,20,nov,843,3,-1,0,unknown,no
37,admin.,married,secondary,no,1207,yes,no,telephone,6,apr,1353,2,138,2,success,yes
30,management,single,tertiary,no,201,yes,no,cellular,17,mar,325,2,-1,0,unknown,yes
45,blue-collar,married,primary,no,804,yes,no,unknown,16,may,528,1,-1,0,unknown,yes
62,retired,married,tertiary,no,4692,yes,no,cellular,15,oct,73,1,-1,0,unknown,no
39,blue-collar,single,secondary,no,1672,yes,no,cellular,20,apr,462,1,648,1,failure,yes
32,management,married,tertiary,no,937,no,no,cellular,28,aug,90,1,94,2,failure,no
68,retired,married,tertiary,no,2820,no,no,cellular,5,mar,158,1,92,3,success,no
35,admin.,single,secondary,no,321,no,no,cellular,21,jul,143,1,412,3,other,yes
55,management,married,tertiary,no,13578,no,no,cellular,29,oct,247,2,-1,0,unknown,no
23,blue-collar,single,secondary,no,537,yes,no,cellular,7,may,172,1,353,2,other,no
29,student,single,secondary,no,314,no,no,cellular,30,apr,465,1,-1,0,unknown,yes
40,blue-collar,divorced,primary,no,737,yes,yes,unknown,12,may,102,1,-1,0,unknown,no
45,management,married,tertiary,no,10,no,no,cellular,26,aug,133,7,-1,0,unknown,no
41,blue-collar,married,secondary,no,429,yes,no,unknown,13,may,244,1,-1,0,unknown,no
43,blue-collar,divorced,primary,no,-57,yes,no,unknown,16,may,221,2,-1,0,unknown,no
34,technician,married,secondary,no,390,yes,no,cellular,27,mar,95,2,231,2,failure,yes
28,student,single,unknown,no,78,no,no,cellular,4,dec,232,3,310,2,failure,yes
46,technician,married,secondary,no,863,yes,no,cellular,3,feb,67,3,-1,0,unknown,no
55,admin.,divorced,secondary,no,1693,no,no,cellular,10,aug,247,1,102,3,success,no
33,management,married,tertiary,no,273,yes,no,unknown,16,may,803,1,-1,0,unknown,yes
37,management,married,tertiary,no,1113,no,no,cellular,1,sep,265,2,183,2,success,yes
57,services,married,primary,no,1728,yes,no,telephone,16,jul,164,1,-1,0,unknown,no
37,management,single,unknown,no,715,yes,no,unknown,20,may,247,2,-1,0,unknown,no
31,technician,married,tertiary,no,3338,yes,no,cellular,21,dec,264,2,-1,0,unknown,yes
37,blue-collar,married,primary,no,157,yes,no,unknown,30,may,833,8,-1,0,unknown,no
46,admin.,married,secondary,no,126,no,no,unknown,18,jun,1255,1,-1,0,unknown,yes
26,admin.,married,secondary,no,2469,no,no,cellular,16,jul,136,8,-1,0,unknown,no
47,management,married,tertiary,no,866,no,no,unknown,20,jun,7,7,-1,0,unknown,no
38,admin.,divorced,secondary,no,407,yes,yes,cellular,19,aug,89,1,-1,0,unknown,no
59,blue-collar,divorced,primary,no,1265,no,yes,cellular,7,jul,849,1,-1,0,unknown,yes
32,management,married,tertiary,no,376,yes,no,cellular,23,mar,248,4,-1,0,unknown,yes
36,technician,married,tertiary,no,376,no,no,cellular,16,sep,173,1,-1,0,unknown,yes
36,housemaid,married,secondary,no,205,yes,no,telephone,18,nov,176,4,-1,0,unknown,no
42,services,married,secondary,no,1376,yes,no,cellular,2,mar,712,4,-1,0,unknown,yes
40,services,married,secondary,no,1293,yes,no,cellular,13,apr,128,3,-1,0,unknown,no
55,housemaid,married,primary,no,1563,yes,no,cellular,17,nov,128,2,-1,0,unknown,no
34,management,married,tertiary,no,3402,no,no,cellular,3,jun,88,2,-1,0,unknown,no
56,admin.,married,secondary,no,105,no,no,telephone,15,jul,80,2,-1,0,unknown,no
27,admin.,single,secondary,no,15,no,yes,cellular,21,jul,177,1,-1,0,unknown,no
51,blue-collar,married,primary,no,0,no,no,unknown,9,jun,166,2,-1,0,unknown,no
54,self-employed,married,primary,no,1463,no,no,unknown,20,jun,60,1,-1,0,unknown,no
48,blue-collar,married,primary,no,2227,no,no,cellular,18,aug,98,12,-1,0,unknown,no
43,admin.,single,secondary,no,35,no,no,telephone,9,nov,208,1,-1,0,unknown,no
72,retired,married,secondary,no,951,no,yes,cellular,12,mar,229,3,339,1,failure,yes
26,management,single,tertiary,no,-8,no,no,cellular,13,aug,402,2,-1,0,unknown,no
72,retired,divorced,primary,no,0,no,no,telephone,28,aug,359,1,-1,0,unknown,no
26,student,single,secondary,no,132,no,no,cellular,4,jun,217,1,-1,0,unknown,yes
54,services,married,secondary,no,4482,yes,no,unknown,20,may,97,2,-1,0,unknown,no
45,technician,married,secondary,no,0,no,no,telephone,13,aug,99,1,-1,0,unknown,no
33,services,divorced,secondary,no,327,yes,no,unknown,7,may,109,1,-1,0,unknown,no
36,management,single,unknown,no,62,no,no,cellular,13,jul,311,1,91,2,success,yes
45,unemployed,divorced,secondary,no,-44,yes,no,cellular,7,jul,256,2,-1,0,unknown,no
32,admin.,married,secondary,no,0,no,no,unknown,23,may,206,3,-1,0,unknown,no
55,management,divorced,tertiary,no,2037,no,no,cellular,4,feb,305,2,94,3,success,yes
33,admin.,single,tertiary,no,235,yes,no,cellular,18,may,525,1,-1,0,unknown,yes
42,management,married,tertiary,no,559,no,no,cellular,19,aug,88,1,-1,0,unknown,no
26,management,single,tertiary,no,222,no,no,cellular,26,apr,192,1,334,1,failure,yes
34,management,single,tertiary,no,268,no,no,cellular,7,sep,587,1,-1,0,unknown,yes
39,management,single,unknown,no,2887,yes,no,unknown,7,may,42,2,-1,0,unknown,no
23,technician,single,secondary,no,598,no,no,cellular,11,nov,406,1,195,1,failure,yes
31,management,single,tertiary,no,1858,no,no,cellular,12,aug,453,3,-1,0,unknown,yes
26,admin.,single,tertiary,no,3672,yes,no,unknown,29,may,360,5,-1,0,unknown,no
59,retired,divorced,secondary,no,1,no,no,cellular,19,aug,335,1,-1,0,unknown,yes
31,technician,married,secondary,yes,-463,yes,no,unknown,28,may,210,1,-1,0,unknown,no
52,retired,divorced,tertiary,no,-309,yes,no,unknown,19,jun,500,2,-1,0,unknown,yes
43,management,married,tertiary,no,175,yes,no,cellular,17,apr,129,4,337,1,other,no
35,management,married,tertiary,yes,-10,yes,no,cellular,15,may,168,2,364,1,other,no
31,management,single,tertiary,no,78,yes,no,cellular,22,jul,369,2,-1,0,unknown,no
34,technician,married,secondary,no,133,no,no,cellular,15,nov,401,2,187,5,success,yes
53,self-employed,married,secondary,no,534,yes,no,cellular,29,jul,115,4,-1,0,unknown,no
32,technician,single,tertiary,no,2684,yes,no,cellular,18,may,542,2,-1,0,unknown,yes
42,entrepreneur,single,primary,no,103,yes,no,unknown,19,may,156,5,-1,0,unknown,no
30,admin.,single,secondary,no,-213,yes,yes,unknown,27,may,751,1,-1,0,unknown,yes
31,admin.,married,secondary,no,3,yes,no,cellular,28,jul,37,12,-1,0,unknown,no
50,technician,married,secondary,no,2497,yes,no,cellular,21,nov,35,1,176,1,failure,no
45,admin.,married,secondary,no,434,no,no,cellular,26,aug,76,4,-1,0,unknown,no
44,admin.,single,secondary,no,1534,no,no,cellular,7,aug,166,1,99,2,other,yes
34,services,single,secondary,no,2257,no,yes,telephone,30,jan,568,2,-1,0,unknown,no
25,student,single,tertiary,no,505,yes,no,cellular,6,may,37,1,-1,0,unknown,no
33,self-employed,single,tertiary,no,1049,no,no,cellular,4,may,126,4,-1,0,unknown,no
44,blue-collar,married,primary,no,103,yes,no,cellular,12,may,79,1,329,2,failure,no
47,management,married,tertiary,no,60,no,no,unknown,2,jun,282,7,-1,0,unknown,no
51,blue-collar,married,primary,no,1694,no,no,cellular,13,aug,186,2,-1,0,unknown,no
38,self-employed,divorced,secondary,no,2674,yes,no,unknown,19,jun,163,2,-1,0,unknown,no
33,technician,married,secondary,no,0,no,no,cellular,13,aug,78,2,-1,0,unknown,no
45,management,married,secondary,no,5888,yes,no,unknown,26,may,45,5,-1,0,unknown,no
22,management,single,tertiary,no,760,no,no,telephone,7,dec,6,1,-1,0,unknown,no
47,admin.,married,secondary,no,70,yes,no,cellular,5,apr,144,4,374,2,success,yes
45,admin.,married,secondary,no,0,yes,no,cellular,18,nov,108,5,-1,0,unknown,no
28,services,single,tertiary,no,128,no,no,cellular,27,may,460,1,414,1,failure,yes
34,housemaid,married,tertiary,no,897,no,no,cellular,12,aug,197,4,-1,0,unknown,no
37,self-employed,married,secondary,no,487,no,yes,cellular,27,aug,155,15,-1,0,unknown,no
52,admin.,married,secondary,no,1648,yes,no,cellular,19,nov,172,3,-1,0,unknown,no
71,technician,married,tertiary,no,383,no,no,cellular,27,apr,388,3,-1,0,unknown,yes
49,management,divorced,tertiary,no,755,no,no,cellular,31,jul,1212,4,-1,0,unknown,yes
58,retired,married,secondary,no,19,no,yes,cellular,15,jul,106,3,-1,0,unknown,no
37,management,married,tertiary,no,238,no,no,cellular,3,nov,149,1,-1,0,unknown,yes
56,technician,married,secondary,no,2847,no,no,cellular,8,apr,327,1,-1,0,unknown,yes
59,housemaid,married,primary,no,88,yes,no,cellular,28,jul,63,5,-1,0,unknown,no
45,retired,divorced,secondary,no,1735,no,yes,unknown,17,jun,306,1,-1,0,unknown,no
35,admin.,single,primary,no,8,yes,no,unknown,16,may,148,18,-1,0,unknown,no
31,management,married,tertiary,no,1164,yes,yes,cellular,18,jul,238,3,-1,0,unknown,no
56,services,married,secondary,no,9,no,yes,cellular,20,aug,285,2,-1,0,unknown,no
27,technician,married,secondary,no,2183,yes,yes,unknown,21,may,857,1,-1,0,unknown,yes
66,retired,married,primary,no,2883,no,no,cellular,23,apr,158,1,-1,0,unknown,yes
49,self-employed,single,tertiary,no,-341,no,yes,cellular,18,nov,920,2,-1,0,unknown,no
40,blue-collar,married,primary,no,570,yes,no,unknown,12,may,109,3,-1,0,unknown,no
52,unemployed,married,secondary,no,5091,no,no,cellular,26,may,309,1,-1,0,unknown,no
59,technician,married,secondary,no,10925,no,no,cellular,21,apr,100,1,-1,0,unknown,yes
28,management,divorced,tertiary,no,229,yes,no,cellular,9,apr,1042,2,315,2,other,yes
55,blue-collar,married,secondary,no,660,no,no,unknown,5,jun,348,1,-1,0,unknown,no
32,management,single,tertiary,no,1966,no,no,cellular,18,aug,176,3,-1,0,unknown,no
46,unknown,married,tertiary,no,8564,no,no,cellular,2,aug,397,2,342,1,failure,no
57,blue-collar,single,primary,no,739,yes,no,cellular,14,may,172,2,364,1,failure,no
44,services,married,secondary,no,808,yes,no,unknown,2,jun,67,2,-1,0,unknown,no
39,services,married,secondary,no,2758,no,no,cellular,4,feb,658,3,-1,0,unknown,yes
37,management,married,tertiary,no,108,yes,yes,cellular,4,jun,262,2,-1,0,unknown,yes
29,management,single,tertiary,no,2531,no,no,cellular,19,aug,634,1,-1,0,unknown,yes
36,blue-collar,married,secondary,no,1165,yes,no,unknown,13,may,1001,4,-1,0,unknown,yes
34,blue-collar,married,primary,no,6718,no,no,cellular,13,jan,278,4,97,1,other,no
46,technician,married,secondary,no,940,no,no,cellular,5,aug,1227,2,-1,0,unknown,yes
33,management,single,tertiary,no,1724,no,no,cellular,3,feb,252,6,-1,0,unknown,no
35,technician,married,secondary,no,1144,no,no,cellular,20,aug,197,13,-1,0,unknown,no
27,services,single,secondary,no,-195,yes,no,cellular,18,may,391,1,-1,0,unknown,yes
49,technician,divorced,secondary,no,5,no,no,cellular,19,aug,131,2,-1,0,unknown,no
33,self-employed,single,tertiary,no,562,yes,yes,cellular,6,apr,196,1,363,1,failure,yes
34,management,single,tertiary,no,747,no,no,cellular,31,aug,72,2,98,1,failure,no
40,management,single,tertiary,no,0,yes,no,cellular,23,feb,228,2,182,6,failure,yes
41,blue-collar,married,primary,no,686,yes,no,cellular,21,nov,888,3,-1,0,unknown,no
40,services,single,secondary,no,65,yes,no,cellular,15,may,15,3,-1,0,unknown,no
29,blue-collar,married,primary,no,258,yes,no,unknown,26,may,130,1,-1,0,unknown,no
33,blue-collar,married,primary,no,-306,yes,yes,unknown,13,may,851,4,-1,0,unknown,no
33,services,married,secondary,no,227,yes,yes,cellular,13,aug,477,2,-1,0,unknown,yes
48,management,divorced,tertiary,no,-244,yes,no,unknown,5,may,253,1,-1,0,unknown,no
53,technician,married,tertiary,no,673,yes,no,cellular,9,jul,182,1,-1,0,unknown,no
36,technician,married,tertiary,no,911,yes,yes,cellular,25,may,117,2,21,3,failure,yes
41,services,married,primary,no,0,yes,no,cellular,17,jul,18,11,-1,0,unknown,no
60,technician,married,secondary,no,116,no,no,cellular,11,aug,329,2,181,8,success,yes
57,retired,divorced,primary,no,63,no,yes,cellular,25,jul,1448,17,-1,0,unknown,yes
55,blue-collar,divorced,secondary,no,1613,yes,no,cellular,3,apr,296,1,270,3,failure,yes
53,management,married,tertiary,no,2578,no,no,cellular,19,nov,299,4,107,2,failure,no
38,self-employed,married,secondary,no,746,no,no,unknown,20,jun,256,3,-1,0,unknown,no
54,blue-collar,married,secondary,no,1636,no,no,telephone,20,jul,1008,2,-1,0,unknown,yes
34,blue-collar,married,secondary,no,1207,yes,no,unknown,21,may,905,1,-1,0,unknown,yes
51,unemployed,married,secondary,no,1416,no,no,cellular,9,sep,345,1,-1,0,unknown,yes
31,management,single,tertiary,no,18,no,no,cellular,8,aug,82,2,-1,0,unknown,no
32,management,single,tertiary,no,1742,no,no,unknown,5,jun,231,2,-1,0,unknown,no
36,admin.,married,secondary,no,1954,yes,yes,cellular,20,nov,158,2,174,3,failure,no
46,services,married,secondary,no,273,no,no,cellular,22,aug,565,2,-1,0,unknown,yes
48,admin.,married,secondary,no,-30,yes,no,cellular,7,may,133,1,-1,0,unknown,no
35,blue-collar,divorced,primary,no,300,yes,no,unknown,13,may,945,2,-1,0,unknown,yes
31,blue-collar,single,tertiary,no,761,no,no,telephone,18,nov,514,2,-1,0,unknown,yes
30,admin.,married,secondary,no,1265,yes,yes,unknown,26,may,414,2,-1,0,unknown,yes
36,services,married,secondary,no,0,yes,yes,cellular,15,jul,201,4,-1,0,unknown,no
43,admin.,single,secondary,no,733,yes,no,cellular,19,nov,1102,3,-1,0,unknown,yes
27,technician,single,tertiary,no,11862,no,no,telephone,25,may,281,5,101,1,success,no
39,services,married,secondary,no,2843,yes,no,unknown,19,jun,585,1,-1,0,unknown,yes
45,blue-collar,single,secondary,no,0,yes,no,cellular,16,oct,283,1,165,3,failure,no
61,housemaid,married,primary,no,211,no,no,cellular,31,aug,443,2,186,3,failure,yes
29,management,married,tertiary,no,205,no,no,cellular,4,jun,787,1,-1,0,unknown,yes
35,entrepreneur,single,tertiary,no,145,yes,no,cellular,18,jul,799,2,-1,0,unknown,yes
55,management,divorced,primary,no,3629,yes,no,unknown,30,may,87,1,-1,0,unknown,no
34,admin.,married,secondary,no,2378,yes,yes,telephone,10,jul,92,1,-1,0,unknown,no
53,blue-collar,married,secondary,no,974,yes,no,unknown,26,may,197,2,-1,0,unknown,no
41,blue-collar,married,primary,no,512,yes,no,unknown,6,may,233,2,-1,0,unknown,no
32,blue-collar,married,primary,no,1504,yes,no,cellular,17,apr,131,2,-1,0,unknown,no
51,admin.,married,secondary,no,176,no,no,cellular,28,jan,214,1,183,2,failure,no
60,services,married,secondary,no,8837,yes,no,unknown,16,may,144,4,-1,0,unknown,no
54,blue-collar,married,primary,no,6242,yes,no,cellular,7,may,162,1,-1,0,unknown,no
37,services,single,secondary,no,50,no,no,cellular,19,nov,244,1,154,8,other,no
71,technician,married,secondary,no,3020,no,no,telephone,30,jul,304,1,270,3,failure,yes
41,entrepreneur,married,primary,no,0,no,no,unknown,16,jun,630,2,-1,0,unknown,no
58,blue-collar,married,secondary,no,1298,yes,no,unknown,29,may,516,4,-1,0,unknown,no
27,management,single,tertiary,no,574,yes,no,cellular,18,may,196,3,-1,0,unknown,no
42,management,married,tertiary,no,3713,no,no,cellular,19,nov,709,2,-1,0,unknown,yes
38,management,single,tertiary,no,6836,yes,no,unknown,29,may,374,4,-1,0,unknown,no
59,retired,married,secondary,no,599,yes,no,cellular,7,may,31,1,-1,0,unknown,no
50,technician,married,secondary,no,797,yes,no,unknown,6,may,354,1,-1,0,unknown,no
37,admin.,single,secondary,no,728,no,no,cellular,3,feb,129,1,174,2,other,yes
31,admin.,married,secondary,no,941,yes,no,cellular,8,apr,213,4,-1,0,unknown,no
46,technician,married,secondary,no,4023,yes,no,cellular,7,aug,131,2,-1,0,unknown,no
71,housemaid,divorced,primary,no,1311,no,no,cellular,10,nov,301,2,91,1,success,yes
48,unknown,single,unknown,no,1819,no,no,cellular,2,sep,1440,1,458,1,failure,yes
46,management,married,tertiary,no,349,no,no,cellular,14,may,466,4,88,3,success,yes
32,blue-collar,single,primary,no,121,yes,no,cellular,20,nov,758,1,-1,0,unknown,yes
24,student,single,tertiary,no,3415,no,no,cellular,27,apr,97,1,-1,0,unknown,yes
35,blue-collar,married,primary,no,994,yes,no,unknown,23,may,1349,8,-1,0,unknown,yes
42,technician,married,secondary,no,2,no,no,unknown,29,may,249,2,-1,0,unknown,no
34,admin.,married,secondary,no,61,no,yes,unknown,5,may,21,1,-1,0,unknown,no
43,management,married,tertiary,no,3518,no,no,cellular,28,dec,206,2,196,2,success,yes
33,blue-collar,married,secondary,no,0,yes,yes,cellular,28,jul,83,12,-1,0,unknown,no
30,management,single,tertiary,no,697,no,no,cellular,28,apr,545,2,181,8,success,yes
30,management,single,tertiary,no,640,no,no,cellular,6,feb,124,4,213,2,failure,no
60,housemaid,divorced,primary,no,1412,no,no,cellular,22,jul,127,4,-1,0,unknown,no
42,blue-collar,married,unknown,no,0,no,no,unknown,26,may,270,2,-1,0,unknown,no
40,management,married,tertiary,no,30,yes,no,cellular,28,jul,609,6,-1,0,unknown,no
31,technician,single,tertiary,no,2807,no,no,unknown,8,nov,154,1,-1,0,unknown,yes
52,admin.,married,secondary,no,1228,yes,yes,cellular,4,aug,218,1,-1,0,unknown,yes
39,blue-collar,married,secondary,no,276,no,no,cellular,9,jun,334,2,-1,0,unknown,yes
33,services,married,secondary,no,1697,no,no,cellular,3,nov,179,1,-1,0,unknown,yes
35,blue-collar,married,primary,no,22,yes,no,cellular,15,may,1190,2,302,2,other,yes
56,technician,married,secondary,no,23,no,no,cellular,20,nov,857,3,-1,0,unknown,yes
37,management,single,tertiary,no,0,no,no,cellular,20,oct,107,1,258,3,other,no
48,management,married,tertiary,no,1093,yes,yes,cellular,13,oct,1226,2,-1,0,unknown,yes
52,technician,married,secondary,no,851,no,no,unknown,17,jun,87,2,-1,0,unknown,no
31,management,single,tertiary,yes,-365,yes,no,unknown,30,may,319,6,-1,0,unknown,no
52,unemployed,married,secondary,no,94,no,no,cellular,30,apr,244,1,-1,0,unknown,yes
38,self-employed,married,secondary,no,279,yes,no,unknown,28,may,110,5,-1,0,unknown,no
32,management,single,tertiary,no,7290,yes,no,cellular,18,may,357,1,-1,0,unknown,yes
31,self-employed,married,tertiary,no,2666,no,no,telephone,8,jul,411,2,148,9,other,yes
45,services,married,secondary,no,0,no,no,cellular,11,jul,106,2,-1,0,unknown,no
53,blue-collar,divorced,primary,no,4401,no,no,telephone,11,nov,241,1,92,1,success,yes
34,management,married,tertiary,no,1352,no,no,cellular,8,aug,265,2,-1,0,unknown,no
32,technician,single,secondary,no,-1,yes,no,cellular,12,may,37,1,-1,0,unknown,no
29,management,single,tertiary,no,1514,yes,no,telephone,5,may,363,1,333,7,other,no
81,retired,divorced,unknown,no,0,no,no,telephone,16,oct,128,1,-1,0,unknown,no
43,management,married,tertiary,no,1429,yes,no,cellular,7,may,1030,1,169,3,success,yes
37,management,married,tertiary,no,57,no,no,cellular,5,feb,345,1,-1,0,unknown,yes
67,retired,married,secondary,no,1443,no,no,cellular,8,apr,245,1,-1,0,unknown,yes
63,retired,married,primary,no,48,no,no,cellular,9,jun,251,1,-1,0,unknown,yes
58,services,married,primary,no,2946,yes,no,cellular,14,may,467,1,-1,0,unknown,yes
55,technician,married,tertiary,no,-466,yes,no,cellular,15,may,901,1,-1,0,unknown,yes
44,technician,married,unknown,yes,-375,yes,yes,telephone,6,may,149,4,-1,0,unknown,no
47,blue-collar,married,secondary,no,303,no,no,unknown,11,jun,261,1,-1,0,unknown,no
33,blue-collar,single,primary,no,447,yes,no,unknown,9,may,180,2,-1,0,unknown,no
52,blue-collar,married,primary,no,1271,no,no,cellular,18,aug,131,3,-1,0,unknown,no
39,technician,married,secondary,no,2983,no,no,cellular,3,dec,472,1,-1,0,unknown,yes
65,retired,married,tertiary,no,1973,no,no,telephone,21,apr,396,3,-1,0,unknown,yes
43,management,divorced,tertiary,no,36,no,no,cellular,13,feb,61,1,193,1,failure,no
76,management,married,unknown,no,1780,yes,no,telephone,23,apr,413,3,-1,0,unknown,yes
57,retired,married,secondary,no,0,yes,no,cellular,5,may,127,1,363,4,failure,no
39,management,divorced,secondary,no,4314,yes,no,cellular,20,nov,141,4,-1,0,unknown,no
22,unemployed,single,tertiary,no,993,no,no,cellular,28,jul,115,3,93,1,other,yes
34,entrepreneur,single,tertiary,no,714,yes,no,unknown,12,may,166,4,-1,0,unknown,no
35,blue-collar,divorced,primary,no,13,no,yes,cellular,9,jul,364,1,-1,0,unknown,no
30,management,married,tertiary,no,8089,yes,no,cellular,18,mar,232,2,294,2,failure,yes
31,management,married,tertiary,no,1224,yes,yes,cellular,20,nov,75,2,119,2,success,no
27,management,single,tertiary,no,3104,yes,no,unknown,28,may,160,2,-1,0,unknown,no
31,technician,single,secondary,no,816,no,no,cellular,9,jun,100,2,-1,0,unknown,no
56,self-employed,married,secondary,no,784,no,yes,cellular,30,jul,149,2,-1,0,unknown,no
38,admin.,married,secondary,no,0,yes,no,cellular,8,jun,187,1,181,2,success,yes
59,blue-collar,married,secondary,no,0,yes,no,unknown,20,may,217,4,-1,0,unknown,no
57,management,married,tertiary,no,0,yes,no,cellular,21,nov,67,1,-1,0,unknown,no
31,admin.,single,secondary,no,523,no,yes,cellular,2,feb,323,1,109,5,failure,no
40,unemployed,single,tertiary,no,7968,no,no,cellular,2,mar,263,2,180,2,success,yes
43,services,married,primary,no,2567,yes,no,cellular,14,may,109,1,360,2,failure,no
33,blue-collar,married,unknown,no,2655,yes,no,cellular,21,nov,195,1,-1,0,unknown,no
32,management,married,tertiary,no,2458,yes,no,cellular,4,may,77,2,-1,0,unknown,no
27,management,single,tertiary,no,616,yes,no,cellular,22,may,685,1,101,1,other,yes
40,entrepreneur,married,secondary,no,6403,no,no,cellular,22,sep,208,2,-1,0,unknown,yes
34,management,single,tertiary,no,1228,no,no,cellular,5,feb,263,8,-1,0,unknown,yes
32,management,single,tertiary,no,974,yes,no,unknown,3,jun,228,1,-1,0,unknown,no
33,blue-collar,married,secondary,no,6227,yes,no,unknown,23,may,76,2,-1,0,unknown,no
49,management,married,tertiary,no,5887,no,no,cellular,2,jun,181,3,293,2,failure,yes
49,unemployed,married,tertiary,no,377,no,no,cellular,22,may,158,1,59,2,failure,no
43,technician,married,primary,no,4844,yes,no,cellular,19,nov,434,1,-1,0,unknown,no
49,blue-collar,married,tertiary,no,1784,no,no,unknown,12,jun,753,1,-1,0,unknown,no
50,management,married,tertiary,no,0,no,no,cellular,10,aug,232,3,130,3,other,no
32,blue-collar,married,unknown,no,1267,yes,no,cellular,18,may,66,2,-1,0,unknown,no
48,technician,married,secondary,no,23495,no,no,cellular,22,aug,63,8,-1,0,unknown,no
38,blue-collar,married,secondary,no,-210,yes,no,unknown,8,may,21,1,-1,0,unknown,no
40,unemployed,divorced,secondary,no,262,yes,no,unknown,14,may,163,5,-1,0,unknown,no
56,management,married,tertiary,no,412,no,no,telephone,20,nov,179,6,-1,0,unknown,no
43,blue-collar,married,primary,no,56,no,no,cellular,12,may,365,2,-1,0,unknown,no
46,management,married,tertiary,no,273,yes,no,cellular,15,sep,1962,1,105,3,failure,yes
60,retired,married,secondary,no,143,no,no,telephone,30,jan,345,1,-1,0,unknown,no
37,self-employed,married,secondary,no,3396,no,no,cellular,18,aug,69,6,-1,0,unknown,no
34,management,married,tertiary,no,611,no,no,cellular,2,jun,350,1,-1,0,unknown,yes
30,technician,single,tertiary,no,635,no,no,cellular,13,aug,851,8,-1,0,unknown,yes
55,services,married,tertiary,no,606,no,yes,cellular,18,nov,114,2,-1,0,unknown,no
31,management,married,tertiary,no,1331,no,no,unknown,5,nov,268,1,-1,0,unknown,yes
30,self-employed,single,tertiary,no,48,no,no,cellular,27,may,144,2,187,1,failure,no
49,management,married,tertiary,no,234,no,no,cellular,22,aug,55,6,-1,0,unknown,no
26,admin.,single,secondary,no,338,no,no,cellular,29,oct,209,1,188,2,unknown,yes
31,student,single,tertiary,no,307,no,no,cellular,20,nov,597,2,-1,0,unknown,no
40,management,single,tertiary,no,0,no,no,cellular,6,aug,641,6,-1,0,unknown,yes
52,management,married,secondary,no,5193,no,no,cellular,23,apr,477,2,-1,0,unknown,no
28,self-employed,married,tertiary,no,0,yes,no,cellular,4,feb,546,3,196,4,failure,yes
38,blue-collar,married,primary,no,7944,no,no,unknown,17,jun,116,3,-1,0,unknown,no
40,admin.,single,secondary,no,50,no,no,cellular,15,may,837,1,-1,0,unknown,yes
43,technician,divorced,secondary,no,6835,no,no,cellular,19,nov,187,1,152,2,failure,no
28,self-employed,single,tertiary,no,0,yes,no,unknown,26,may,1560,2,-1,0,unknown,yes
53,technician,married,secondary,no,6,yes,no,unknown,5,may,517,1,-1,0,unknown,no
49,self-employed,married,tertiary,no,599,no,no,cellular,12,aug,174,1,-1,0,unknown,no
60,retired,married,secondary,no,597,no,no,cellular,15,jul,981,1,-1,0,unknown,yes
27,unemployed,single,primary,no,9,no,yes,cellular,9,jul,919,2,-1,0,unknown,yes
31,management,single,secondary,no,360,yes,no,cellular,18,may,309,1,-1,0,unknown,yes
33,admin.,single,secondary,no,61,no,no,cellular,24,jul,286,4,-1,0,unknown,no
26,services,single,tertiary,no,1140,yes,no,cellular,6,feb,984,2,-1,0,unknown,yes
47,student,single,unknown,no,107,no,no,telephone,15,jul,119,8,-1,0,unknown,no
39,self-employed,married,tertiary,no,-3058,yes,yes,cellular,17,apr,882,3,-1,0,unknown,yes
41,admin.,single,secondary,no,90,yes,no,cellular,15,may,77,2,347,4,failure,no
32,admin.,married,secondary,no,200,no,no,cellular,1,sep,729,1,29,3,failure,yes
35,technician,married,secondary,no,294,yes,no,cellular,9,mar,301,1,90,4,success,yes
29,technician,single,secondary,no,510,yes,no,unknown,16,jun,179,15,-1,0,unknown,no
35,management,married,tertiary,no,2957,yes,yes,cellular,8,aug,733,3,-1,0,unknown,yes
34,management,married,tertiary,no,703,yes,no,cellular,14,apr,342,1,-1,0,unknown,yes
36,services,married,secondary,no,4721,no,no,cellular,9,dec,149,3,-1,0,unknown,yes
38,unemployed,married,primary,no,7005,yes,no,cellular,7,jul,370,1,412,1,failure,yes
31,technician,married,secondary,no,522,yes,yes,cellular,27,aug,308,4,-1,0,unknown,no
51,management,married,tertiary,no,656,yes,no,cellular,25,jul,268,2,-1,0,unknown,no
27,admin.,single,tertiary,no,138,no,no,cellular,15,jun,89,2,-1,0,unknown,yes
36,blue-collar,single,secondary,no,0,no,no,unknown,19,jun,238,1,-1,0,unknown,no
25,admin.,single,tertiary,no,1734,no,no,cellular,19,oct,366,1,-1,0,unknown,no
36,management,married,tertiary,no,673,yes,no,cellular,16,jul,689,1,-1,0,unknown,yes
35,self-employed,single,tertiary,no,5462,no,no,cellular,2,nov,188,1,186,1,success,yes
46,management,married,tertiary,no,3,no,no,cellular,18,aug,92,4,-1,0,unknown,no
34,blue-collar,single,secondary,no,4536,yes,no,cellular,21,nov,963,1,-1,0,unknown,yes
28,blue-collar,single,secondary,no,1011,yes,no,cellular,20,apr,204,3,-1,0,unknown,no
45,technician,married,secondary,no,2403,no,no,cellular,21,nov,207,1,-1,0,unknown,no
41,management,married,tertiary,no,4063,yes,no,cellular,12,may,14,5,172,2,failure,no
37,blue-collar,single,secondary,no,133,yes,no,cellular,11,may,1388,2,-1,0,unknown,yes
42,technician,married,secondary,no,9324,no,no,cellular,27,aug,67,4,-1,0,unknown,no
37,self-employed,single,primary,no,235,yes,no,cellular,17,apr,191,4,323,9,failure,no
38,housemaid,married,secondary,no,0,yes,no,cellular,23,jul,157,1,-1,0,unknown,no
61,retired,married,tertiary,no,1257,no,no,cellular,10,feb,503,1,-1,0,unknown,yes
42,unemployed,married,unknown,no,970,yes,no,telephone,21,jul,691,10,-1,0,unknown,yes
45,blue-collar,married,secondary,no,10252,no,no,cellular,22,sep,173,1,141,2,success,yes
36,technician,married,secondary,no,-179,yes,no,cellular,17,jul,144,1,-1,0,unknown,no
44,blue-collar,married,primary,no,112,yes,no,unknown,14,may,225,2,-1,0,unknown,no
24,management,single,tertiary,no,1,no,no,cellular,14,may,396,5,-1,0,unknown,yes
28,admin.,single,secondary,no,352,yes,yes,cellular,18,may,431,1,-1,0,unknown,yes
60,retired,married,secondary,no,0,yes,no,unknown,15,may,229,1,-1,0,unknown,no
36,technician,divorced,secondary,no,2823,yes,no,cellular,8,jun,215,1,371,6,failure,yes
33,self-employed,married,secondary,no,215,yes,no,cellular,29,jul,543,12,-1,0,unknown,no
46,technician,married,secondary,no,190,yes,no,cellular,12,aug,370,2,-1,0,unknown,no
31,technician,single,secondary,no,2916,no,no,cellular,14,aug,174,2,-1,0,unknown,no
38,services,divorced,secondary,no,446,yes,no,unknown,18,jun,373,4,-1,0,unknown,no
39,admin.,married,secondary,no,130,yes,yes,cellular,4,feb,1290,2,-1,0,unknown,yes
34,technician,single,tertiary,no,2733,no,no,cellular,14,jul,604,1,-1,0,unknown,yes
37,blue-collar,married,secondary,no,13849,yes,no,unknown,23,may,252,5,-1,0,unknown,no
33,management,married,tertiary,no,1778,no,no,cellular,12,feb,388,1,-1,0,unknown,yes
46,management,single,tertiary,no,2044,no,no,telephone,4,feb,25,1,-1,0,unknown,no
58,management,married,tertiary,no,3768,yes,no,unknown,18,jun,316,1,-1,0,unknown,no
35,management,single,tertiary,no,1750,yes,no,cellular,30,apr,687,1,9,3,success,yes
34,blue-collar,married,secondary,no,467,yes,no,cellular,13,may,195,2,357,2,failure,no
60,retired,married,primary,no,364,yes,no,unknown,6,may,631,2,-1,0,unknown,no
25,management,single,tertiary,no,2305,no,no,cellular,3,feb,207,1,-1,0,unknown,no
35,technician,single,secondary,no,1693,yes,no,cellular,26,may,58,1,105,1,success,no
29,technician,single,tertiary,no,542,yes,no,unknown,9,may,338,3,-1,0,unknown,no
54,self-employed,married,tertiary,no,368,no,no,telephone,31,jul,7,4,-1,0,unknown,no
40,housemaid,single,tertiary,no,7441,no,no,cellular,31,jul,1461,6,-1,0,unknown,yes
34,technician,married,secondary,no,0,yes,no,cellular,5,aug,231,2,2,3,success,yes
39,management,married,primary,no,1873,no,no,unknown,9,jun,161,2,-1,0,unknown,no
45,blue-collar,married,primary,no,61,no,no,cellular,17,apr,108,1,-1,0,unknown,no
42,housemaid,married,primary,no,1371,no,no,unknown,18,jun,125,8,-1,0,unknown,no
45,admin.,married,secondary,no,476,no,no,cellular,6,aug,356,1,364,1,other,yes
46,management,married,secondary,no,-27,yes,no,cellular,6,may,289,1,-1,0,unknown,no
34,unknown,single,secondary,no,859,no,no,cellular,28,jan,829,1,-1,0,unknown,yes
39,entrepreneur,married,tertiary,yes,1,yes,yes,unknown,29,may,102,1,-1,0,unknown,no
35,blue-collar,married,tertiary,no,1016,yes,no,cellular,17,jul,294,2,-1,0,unknown,no
30,technician,single,secondary,no,133,yes,no,cellular,29,jan,113,2,-1,0,unknown,no
49,management,single,tertiary,no,151,yes,no,cellular,8,jul,97,3,-1,0,unknown,yes
51,blue-collar,married,primary,no,5050,no,yes,unknown,16,jun,75,7,-1,0,unknown,no
29,management,married,tertiary,no,7832,yes,no,unknown,27,may,304,2,-1,0,unknown,no
61,management,married,unknown,no,264,no,no,telephone,29,jul,270,1,178,1,success,yes
33,entrepreneur,married,secondary,no,-627,yes,yes,cellular,8,jul,740,1,-1,0,unknown,yes
35,admin.,single,secondary,no,2452,yes,no,unknown,5,jun,91,2,-1,0,unknown,no
45,entrepreneur,married,tertiary,no,20138,yes,no,cellular,20,nov,871,5,-1,0,unknown,yes
33,admin.,single,tertiary,no,146,no,no,cellular,22,oct,380,1,91,3,success,yes
29,management,single,tertiary,no,0,yes,no,unknown,30,may,539,12,-1,0,unknown,yes
35,blue-collar,married,primary,no,4319,no,no,cellular,16,apr,266,1,-1,0,unknown,no
55,management,married,tertiary,no,655,no,no,cellular,28,jul,167,6,-1,0,unknown,no
39,blue-collar,married,primary,no,-50,yes,no,cellular,15,may,100,1,-1,0,unknown,no
33,unemployed,single,tertiary,no,4874,no,no,telephone,22,feb,363,2,-1,0,unknown,no
32,technician,single,secondary,no,287,yes,no,unknown,21,may,59,8,-1,0,unknown,no
30,admin.,married,secondary,no,8781,yes,no,cellular,18,nov,898,1,-1,0,unknown,yes
69,management,married,tertiary,no,840,no,no,telephone,5,feb,128,3,-1,0,unknown,yes
31,blue-collar,married,secondary,no,812,yes,no,cellular,23,sep,245,1,-1,0,unknown,no
41,entrepreneur,single,primary,no,7264,no,yes,unknown,1,jul,125,3,-1,0,unknown,no
40,admin.,single,tertiary,no,1248,no,no,unknown,11,jun,1290,2,-1,0,unknown,yes
37,technician,single,tertiary,no,0,yes,no,cellular,23,jul,366,6,-1,0,unknown,yes
28,unemployed,single,tertiary,no,497,yes,no,cellular,24,jul,1602,6,-1,0,unknown,yes
58,management,married,tertiary,no,3342,no,no,cellular,5,feb,344,5,-1,0,unknown,yes
57,admin.,married,primary,no,215,yes,yes,cellular,17,jul,210,2,-1,0,unknown,no
61,self-employed,divorced,tertiary,no,6,yes,no,cellular,14,apr,133,2,-1,0,unknown,yes
59,admin.,married,secondary,no,4196,no,no,telephone,31,jul,10,2,-1,0,unknown,no
31,services,single,tertiary,no,1626,no,no,unknown,31,jul,15,1,-1,0,unknown,no
57,management,married,secondary,no,39,yes,no,cellular,15,may,114,2,-1,0,unknown,no
42,admin.,single,secondary,no,243,yes,no,unknown,14,may,46,5,-1,0,unknown,no
43,admin.,single,tertiary,no,664,yes,no,cellular,17,apr,119,1,-1,0,unknown,no
28,student,single,secondary,no,196,no,no,cellular,2,jul,423,3,-1,0,unknown,yes
28,management,single,tertiary,no,437,no,no,cellular,5,may,338,1,-1,0,unknown,yes
32,blue-collar,married,primary,no,-105,yes,yes,telephone,31,jul,454,19,-1,0,unknown,no
54,retired,divorced,primary,no,22,no,no,unknown,20,jun,23,4,-1,0,unknown,no
41,entrepreneur,married,secondary,no,8491,yes,no,cellular,18,nov,929,1,-1,0,unknown,yes
40,unemployed,single,tertiary,no,7968,no,no,cellular,3,sep,733,1,93,1,success,yes
39,technician,married,secondary,no,1965,yes,no,unknown,2,jun,65,1,-1,0,unknown,no
37,entrepreneur,married,primary,no,62,no,no,cellular,31,jul,404,2,-1,0,unknown,no
63,retired,divorced,tertiary,no,0,no,no,cellular,13,may,263,1,181,2,success,yes
46,admin.,married,unknown,no,5511,no,no,cellular,26,jul,414,2,389,1,success,yes
35,management,married,tertiary,no,109,no,yes,cellular,21,aug,257,2,-1,0,unknown,no
37,technician,married,unknown,no,189,no,no,cellular,1,oct,238,1,107,2,success,yes
41,admin.,married,secondary,no,14968,no,no,cellular,23,jul,1360,4,-1,0,unknown,yes
34,blue-collar,divorced,secondary,no,1780,yes,no,unknown,2,jun,187,9,-1,0,unknown,no
60,blue-collar,married,secondary,no,0,no,yes,unknown,5,jun,124,1,-1,0,unknown,no
35,blue-collar,married,primary,no,0,yes,no,cellular,8,may,265,1,290,2,failure,no
31,admin.,married,secondary,no,8784,yes,no,unknown,21,may,63,2,-1,0,unknown,no
57,management,divorced,unknown,no,0,no,no,unknown,13,may,95,1,-1,0,unknown,no
71,retired,divorced,tertiary,yes,1236,yes,no,cellular,14,sep,335,4,-1,0,unknown,yes
57,blue-collar,married,secondary,no,2887,no,no,cellular,21,aug,819,10,-1,0,unknown,yes
34,admin.,single,secondary,no,6979,yes,no,cellular,15,may,14,5,-1,0,unknown,no
59,housemaid,married,secondary,no,454,no,no,cellular,21,aug,162,1,-1,0,unknown,no
33,admin.,married,tertiary,no,205,no,no,unknown,1,jul,156,2,-1,0,unknown,no
42,management,married,tertiary,no,27696,no,no,cellular,12,may,176,2,89,5,success,yes
46,unemployed,divorced,secondary,no,0,no,no,cellular,30,jul,638,3,-1,0,unknown,no
37,blue-collar,married,primary,no,106,yes,no,cellular,25,aug,511,1,392,13,failure,yes
25,student,single,secondary,no,4147,no,no,cellular,14,aug,211,3,-1,0,unknown,yes
34,admin.,single,secondary,no,151,yes,no,cellular,12,may,590,1,370,1,other,yes
34,blue-collar,single,tertiary,no,1168,no,no,cellular,6,feb,163,2,-1,0,unknown,no
29,services,single,secondary,no,271,yes,no,unknown,20,may,1882,2,-1,0,unknown,yes
40,blue-collar,married,primary,no,332,yes,no,cellular,12,may,339,2,369,3,failure,no
34,technician,single,tertiary,no,992,yes,no,cellular,5,feb,71,2,-1,0,unknown,yes
33,management,married,tertiary,no,455,yes,yes,unknown,29,may,122,10,-1,0,unknown,no
35,entrepreneur,married,secondary,no,2971,no,no,cellular,21,nov,112,2,-1,0,unknown,no
60,technician,divorced,tertiary,no,1900,yes,no,unknown,29,may,77,3,-1,0,unknown,no
41,blue-collar,married,primary,no,4,no,no,cellular,23,jul,74,5,-1,0,unknown,no
22,services,single,secondary,no,344,yes,no,cellular,18,may,347,1,-1,0,unknown,yes
39,management,married,tertiary,no,-468,yes,yes,cellular,8,aug,88,2,-1,0,unknown,no
56,admin.,divorced,primary,no,0,no,yes,cellular,10,jul,542,1,-1,0,unknown,no
29,management,single,tertiary,no,1445,no,no,cellular,26,apr,328,2,143,2,success,yes
36,admin.,married,secondary,no,96,no,no,cellular,2,feb,302,1,-1,0,unknown,yes
51,entrepreneur,single,tertiary,no,0,no,no,cellular,30,jan,643,1,-1,0,unknown,no
52,blue-collar,married,secondary,no,665,yes,no,unknown,15,may,57,4,-1,0,unknown,no
73,retired,married,primary,no,796,no,no,cellular,23,apr,888,1,182,3,success,yes
26,self-employed,single,secondary,no,467,yes,yes,unknown,4,jun,90,2,-1,0,unknown,no
46,management,married,unknown,no,2466,no,no,telephone,1,apr,216,3,370,1,failure,yes
48,technician,married,secondary,yes,0,no,no,unknown,30,may,682,1,-1,0,unknown,yes
27,management,single,tertiary,no,151,yes,no,cellular,16,jul,496,1,-1,0,unknown,yes
28,technician,single,tertiary,no,11862,no,no,cellular,21,oct,549,2,238,13,other,yes
59,retired,married,secondary,no,25947,no,no,cellular,13,aug,292,2,-1,0,unknown,no
55,admin.,married,secondary,no,1633,no,no,cellular,11,jan,210,1,192,2,success,yes
33,technician,single,tertiary,no,149,yes,no,cellular,19,nov,424,2,182,1,other,yes
57,management,divorced,unknown,no,854,no,no,cellular,6,oct,480,1,40,5,success,yes
55,blue-collar,married,secondary,no,196,no,no,cellular,21,aug,81,1,-1,0,unknown,yes
35,management,married,tertiary,no,0,yes,no,cellular,5,may,310,1,-1,0,unknown,no
56,management,divorced,tertiary,no,505,no,no,cellular,9,feb,108,2,199,3,other,no
32,blue-collar,single,secondary,no,413,yes,no,cellular,19,nov,270,1,-1,0,unknown,no
36,technician,single,secondary,no,539,yes,no,cellular,27,aug,398,2,477,1,failure,yes
76,retired,divorced,primary,no,2693,no,no,cellular,21,oct,107,2,-1,0,unknown,yes
31,management,single,secondary,no,1088,yes,no,cellular,8,apr,575,2,-1,0,unknown,yes
28,technician,single,tertiary,no,386,no,no,cellular,25,may,867,1,-1,0,unknown,yes
41,technician,married,unknown,no,30,yes,no,cellular,10,jul,151,1,-1,0,unknown,no
62,self-employed,divorced,secondary,no,0,yes,no,cellular,20,aug,158,1,-1,0,unknown,yes
39,technician,single,unknown,no,75,no,no,unknown,6,jun,26,1,-1,0,unknown,no
51,blue-collar,married,primary,no,0,no,no,unknown,8,may,384,1,-1,0,unknown,no
33,unemployed,single,secondary,no,682,no,no,cellular,5,feb,251,1,-1,0,unknown,no
42,services,married,secondary,no,3465,yes,yes,cellular,16,jul,1039,2,-1,0,unknown,yes
39,housemaid,married,primary,no,267,no,no,unknown,9,jun,1151,5,-1,0,unknown,no
31,services,married,secondary,no,418,yes,yes,cellular,9,jul,219,1,-1,0,unknown,no
36,services,single,secondary,no,-253,yes,no,cellular,14,apr,1073,1,-1,0,unknown,yes
38,services,divorced,secondary,no,61,no,no,unknown,5,jun,636,1,-1,0,unknown,yes
45,technician,married,secondary,no,3492,yes,yes,unknown,20,jun,46,4,-1,0,unknown,no
28,self-employed,single,tertiary,no,442,no,no,cellular,19,jun,474,3,95,3,other,yes
34,management,single,tertiary,no,1058,yes,no,unknown,28,may,864,2,-1,0,unknown,yes
32,blue-collar,married,primary,no,-454,yes,yes,cellular,18,may,801,5,355,2,failure,yes
43,management,married,tertiary,no,-183,no,no,cellular,24,jul,65,1,-1,0,unknown,no
31,management,single,tertiary,no,713,no,no,cellular,28,aug,162,1,-1,0,unknown,no
44,technician,married,secondary,no,1139,yes,no,cellular,30,jan,64,1,-1,0,unknown,no
31,unemployed,single,secondary,no,209,yes,no,cellular,6,may,193,1,-1,0,unknown,no
56,services,married,unknown,no,616,no,no,unknown,18,jun,1812,1,-1,0,unknown,no
64,retired,married,secondary,no,4787,no,no,cellular,28,oct,501,1,-1,0,unknown,yes
42,blue-collar,married,secondary,no,165,yes,no,unknown,23,may,333,2,-1,0,unknown,no
52,entrepreneur,married,secondary,no,1306,no,no,cellular,15,jun,288,1,-1,0,unknown,yes
40,admin.,married,secondary,no,1327,yes,yes,unknown,26,may,76,2,-1,0,unknown,no
40,unemployed,single,tertiary,no,7968,no,no,cellular,2,jun,596,1,-1,0,unknown,yes
52,retired,married,primary,no,6,no,no,cellular,22,aug,82,2,-1,0,unknown,no
49,management,divorced,tertiary,no,696,yes,no,unknown,2,jun,310,3,-1,0,unknown,no
48,management,married,primary,no,427,no,no,cellular,17,nov,62,1,-1,0,unknown,no
52,blue-collar,married,secondary,no,2276,no,no,unknown,20,jun,83,3,-1,0,unknown,no
42,technician,single,secondary,no,541,yes,no,cellular,5,feb,656,1,-1,0,unknown,yes
27,technician,single,secondary,no,158,no,no,unknown,1,jul,650,2,-1,0,unknown,yes
33,admin.,married,tertiary,no,882,no,no,cellular,22,apr,104,1,183,4,failure,yes
50,management,married,tertiary,no,2050,no,no,cellular,6,aug,158,3,-1,0,unknown,no
54,unknown,married,secondary,no,2206,no,no,cellular,12,nov,104,1,99,2,other,yes
39,admin.,married,primary,no,444,yes,no,cellular,8,may,374,2,-1,0,unknown,no
43,admin.,married,secondary,no,817,yes,yes,cellular,21,nov,51,1,-1,0,unknown,no
52,management,married,tertiary,no,3634,no,no,cellular,8,feb,341,8,-1,0,unknown,yes
40,blue-collar,married,primary,no,7831,yes,no,unknown,14,may,78,1,-1,0,unknown,no
31,management,married,tertiary,no,22867,yes,no,unknown,27,may,241,2,-1,0,unknown,no
35,services,married,secondary,no,0,yes,no,cellular,30,jul,251,3,-1,0,unknown,no
49,entrepreneur,single,secondary,no,5802,no,no,cellular,30,apr,618,2,-1,0,unknown,yes
29,unemployed,single,tertiary,no,1311,no,no,cellular,28,aug,622,1,-1,0,unknown,yes
33,blue-collar,married,secondary,no,58,no,no,unknown,16,may,144,2,-1,0,unknown,no
52,entrepreneur,single,tertiary,no,3469,yes,no,cellular,20,nov,653,1,-1,0,unknown,yes
41,admin.,single,secondary,no,985,yes,no,cellular,30,jun,274,2,391,11,success,yes
35,blue-collar,married,secondary,no,1454,yes,no,cellular,12,aug,323,1,182,4,success,yes
49,services,married,primary,no,5737,yes,no,unknown,29,may,417,2,-1,0,unknown,no
40,blue-collar,married,secondary,no,737,yes,no,unknown,30,may,135,2,-1,0,unknown,no
24,technician,single,secondary,no,409,yes,no,unknown,16,may,912,1,-1,0,unknown,yes
36,admin.,married,tertiary,no,586,yes,no,cellular,28,jan,126,1,-1,0,unknown,no
48,blue-collar,married,secondary,no,741,yes,no,cellular,16,apr,227,1,-1,0,unknown,no
35,technician,married,secondary,no,2779,no,no,cellular,22,oct,118,2,-1,0,unknown,yes
43,management,divorced,secondary,no,693,yes,no,unknown,5,may,124,3,-1,0,unknown,no
49,entrepreneur,divorced,secondary,no,2908,no,no,unknown,6,jun,322,1,-1,0,unknown,no
39,services,single,secondary,no,1048,yes,no,cellular,14,may,149,1,-1,0,unknown,no
42,blue-collar,married,primary,no,2003,yes,no,cellular,17,apr,177,3,-1,0,unknown,no
50,admin.,married,secondary,no,219,yes,no,cellular,15,jul,419,7,-1,0,unknown,no
24,services,single,secondary,no,11,yes,no,unknown,27,jun,114,4,-1,0,unknown,no
57,retired,divorced,secondary,no,-663,yes,no,cellular,13,may,210,1,351,2,failure,no
35,blue-collar,married,secondary,no,306,no,no,unknown,20,jun,12,8,-1,0,unknown,no
35,blue-collar,married,secondary,no,1055,no,no,unknown,18,nov,150,2,-1,0,unknown,yes
36,student,single,unknown,no,417,no,no,cellular,10,feb,151,1,-1,0,unknown,yes
33,services,single,secondary,no,2881,no,no,cellular,26,may,289,1,328,1,success,yes
32,management,married,tertiary,no,6138,no,no,cellular,29,jul,519,2,90,9,failure,yes
53,management,single,tertiary,no,1074,yes,no,unknown,15,may,523,2,-1,0,unknown,no
38,technician,married,unknown,no,90,yes,yes,unknown,8,may,20,2,-1,0,unknown,no
44,entrepreneur,married,tertiary,no,1631,yes,no,cellular,17,nov,81,1,195,2,failure,no
35,management,divorced,tertiary,no,538,yes,no,unknown,12,may,66,4,-1,0,unknown,no
29,technician,single,tertiary,no,910,yes,no,cellular,11,may,278,1,-1,0,unknown,no
48,admin.,divorced,secondary,no,1180,no,no,cellular,27,jan,142,1,238,3,other,yes
37,management,married,tertiary,no,40,no,no,cellular,27,aug,1033,4,-1,0,unknown,yes
52,blue-collar,married,primary,no,4660,no,no,cellular,18,aug,82,3,-1,0,unknown,no
40,unemployed,divorced,secondary,no,1694,no,no,cellular,12,aug,473,6,-1,0,unknown,yes
38,unemployed,married,secondary,no,0,no,no,cellular,24,jul,168,2,-1,0,unknown,no
48,blue-collar,married,secondary,no,238,yes,yes,cellular,2,jun,118,2,81,1,success,no
78,retired,divorced,primary,no,229,no,no,telephone,22,oct,97,1,-1,0,unknown,yes
44,technician,divorced,secondary,no,14,no,no,cellular,13,nov,167,1,92,1,success,yes
22,student,single,unknown,no,3317,no,no,cellular,10,aug,148,1,-1,0,unknown,no
25,services,single,secondary,no,199,no,no,cellular,16,aug,111,2,95,3,other,no
29,blue-collar,married,secondary,no,104,yes,no,cellular,18,may,903,4,-1,0,unknown,yes
38,technician,single,tertiary,no,110,no,no,unknown,17,jun,1051,3,-1,0,unknown,yes
35,technician,married,secondary,no,4922,yes,no,cellular,17,nov,393,4,201,17,other,yes
35,services,married,secondary,no,52,yes,no,cellular,4,jun,328,2,94,4,success,yes
70,housemaid,divorced,primary,no,1311,no,no,cellular,11,aug,651,1,-1,0,unknown,yes
30,management,single,tertiary,no,1191,no,no,cellular,11,aug,381,4,-1,0,unknown,no
31,unemployed,divorced,primary,no,0,yes,no,unknown,30,may,745,12,-1,0,unknown,yes
38,technician,married,secondary,no,0,yes,yes,cellular,15,jul,146,4,-1,0,unknown,no
50,blue-collar,married,unknown,no,452,no,no,cellular,20,aug,181,2,-1,0,unknown,no
46,management,single,tertiary,no,0,no,no,cellular,22,aug,686,2,-1,0,unknown,yes
63,admin.,married,secondary,no,0,yes,no,cellular,31,aug,253,5,-1,0,unknown,yes
36,management,married,tertiary,no,2987,yes,no,cellular,12,aug,307,1,-1,0,unknown,yes
38,technician,married,secondary,no,2767,yes,no,cellular,21,nov,711,2,-1,0,unknown,no
46,housemaid,married,secondary,no,38,no,no,cellular,25,nov,541,1,-1,0,unknown,yes
37,blue-collar,married,secondary,no,2697,yes,no,cellular,20,apr,430,1,-1,0,unknown,no
48,management,divorced,tertiary,no,17964,yes,no,cellular,26,may,208,2,96,3,other,yes
54,management,divorced,tertiary,no,5475,no,no,cellular,22,jul,321,4,-1,0,unknown,yes
45,admin.,divorced,primary,no,429,yes,no,cellular,22,apr,147,1,181,1,success,yes
42,admin.,single,secondary,no,-247,yes,yes,telephone,21,oct,519,1,166,1,other,yes
50,technician,divorced,secondary,no,396,no,no,unknown,20,jun,716,2,-1,0,unknown,yes
40,management,divorced,tertiary,no,37,yes,no,unknown,16,may,412,1,-1,0,unknown,no
70,retired,married,primary,no,3230,no,no,cellular,24,nov,112,1,-1,0,unknown,no
56,retired,divorced,primary,no,48,yes,no,cellular,14,may,132,2,-1,0,unknown,no
34,technician,married,secondary,no,4,yes,no,cellular,2,feb,105,2,263,1,failure,no
37,self-employed,married,secondary,no,1549,yes,no,unknown,20,jun,161,7,-1,0,unknown,no
32,services,single,secondary,no,0,no,yes,cellular,11,jul,333,2,-1,0,unknown,no
41,unemployed,married,tertiary,no,0,no,no,cellular,30,oct,373,3,-1,0,unknown,yes
37,technician,single,tertiary,no,197,no,no,cellular,16,nov,175,1,200,1,success,yes
53,admin.,single,secondary,no,2892,no,no,cellular,9,apr,527,3,-1,0,unknown,yes
34,admin.,married,secondary,no,869,no,no,unknown,6,may,1677,1,-1,0,unknown,yes
59,retired,married,unknown,no,1033,no,no,unknown,11,jun,1199,1,-1,0,unknown,yes
29,services,married,secondary,no,30,yes,no,cellular,23,jul,74,3,-1,0,unknown,no
55,technician,married,secondary,no,462,no,no,cellular,11,aug,116,2,-1,0,unknown,no
40,management,married,tertiary,no,1855,no,no,telephone,8,feb,78,6,-1,0,unknown,yes
37,management,single,tertiary,no,33,yes,no,cellular,12,mar,186,1,-1,0,unknown,yes
46,admin.,married,secondary,no,368,no,no,cellular,20,aug,293,1,90,4,other,yes
60,services,single,primary,no,313,yes,no,unknown,15,may,920,2,-1,0,unknown,yes
31,technician,single,secondary,no,2088,no,no,cellular,9,feb,15,14,-1,0,unknown,no
35,technician,single,tertiary,no,470,yes,no,cellular,25,jul,743,13,-1,0,unknown,yes
31,management,married,tertiary,no,303,yes,no,unknown,14,may,143,1,-1,0,unknown,no
56,admin.,married,secondary,no,5310,no,no,unknown,19,jun,74,1,-1,0,unknown,no
40,technician,married,secondary,no,2266,no,no,cellular,16,oct,447,1,147,5,failure,yes
48,housemaid,married,primary,no,7195,no,no,cellular,21,nov,609,2,-1,0,unknown,yes
35,blue-collar,married,secondary,no,154,yes,no,unknown,23,may,211,4,-1,0,unknown,no
56,admin.,single,secondary,no,-273,no,no,cellular,8,jul,119,2,-1,0,unknown,no
47,admin.,married,secondary,no,1210,no,no,cellular,26,oct,604,1,91,4,failure,yes
55,technician,married,secondary,no,517,yes,yes,cellular,6,feb,47,3,263,4,failure,no
47,blue-collar,married,primary,no,4157,no,no,unknown,11,jun,90,3,-1,0,unknown,no
23,admin.,married,secondary,no,299,yes,no,unknown,19,jun,104,1,-1,0,unknown,no
46,unemployed,divorced,secondary,no,41,yes,no,unknown,12,may,249,4,-1,0,unknown,no
26,admin.,married,secondary,no,1595,no,no,cellular,2,mar,54,1,-1,0,unknown,no
32,management,single,tertiary,no,41,yes,no,cellular,7,may,449,1,338,1,other,no
32,technician,single,secondary,no,0,no,no,cellular,18,aug,594,4,-1,0,unknown,yes
27,admin.,single,unknown,no,5,yes,no,cellular,17,jul,225,2,-1,0,unknown,no
53,admin.,single,secondary,no,654,no,no,unknown,10,jul,67,1,-1,0,unknown,yes
34,technician,married,tertiary,no,932,yes,no,cellular,4,jun,218,1,-1,0,unknown,no
39,management,single,tertiary,no,202,yes,no,cellular,12,may,59,1,301,1,other,no
21,student,single,unknown,no,137,yes,no,unknown,12,may,198,3,-1,0,unknown,no
39,blue-collar,married,secondary,no,11854,yes,no,cellular,15,may,15,9,-1,0,unknown,no
50,blue-collar,married,primary,no,106,no,no,cellular,12,aug,460,2,-1,0,unknown,no
70,retired,married,primary,no,2795,no,no,cellular,8,jul,480,1,181,2,success,yes
22,blue-collar,single,secondary,no,682,no,no,cellular,5,jun,126,2,91,1,success,yes
24,blue-collar,married,secondary,no,1222,yes,no,cellular,20,apr,369,1,-1,0,unknown,no
33,services,single,secondary,no,100,yes,no,cellular,14,may,11,8,297,7,other,no
29,management,single,tertiary,no,91,no,no,cellular,30,apr,99,1,274,4,other,no
40,technician,married,secondary,no,-496,no,no,telephone,28,jul,22,2,-1,0,unknown,no
31,management,single,tertiary,no,11821,no,no,cellular,18,aug,384,11,-1,0,unknown,yes
30,management,single,tertiary,no,617,no,no,cellular,27,feb,192,2,-1,0,unknown,yes
32,management,married,tertiary,no,3696,no,no,unknown,21,may,315,3,-1,0,unknown,no
36,services,single,secondary,no,99,no,no,unknown,17,jun,256,9,-1,0,unknown,no
32,management,single,tertiary,no,0,yes,no,cellular,30,apr,370,3,-1,0,unknown,yes
38,management,divorced,tertiary,no,76,no,no,cellular,30,jan,220,3,-1,0,unknown,no
55,blue-collar,married,unknown,no,890,no,no,cellular,22,aug,1329,2,-1,0,unknown,yes
26,services,single,secondary,no,531,yes,yes,cellular,6,feb,184,1,-1,0,unknown,no
27,management,single,secondary,no,967,yes,no,unknown,21,may,162,1,-1,0,unknown,no
29,admin.,married,tertiary,no,332,no,no,cellular,9,apr,179,1,-1,0,unknown,yes
32,self-employed,married,secondary,no,409,no,no,cellular,3,jun,115,2,86,2,success,yes
40,retired,married,secondary,no,102,no,no,cellular,6,may,168,1,-1,0,unknown,no
35,management,single,tertiary,no,1228,no,no,cellular,9,nov,696,2,88,12,failure,yes
36,services,single,primary,no,38,no,no,unknown,6,jun,308,4,-1,0,unknown,no
35,blue-collar,married,primary,yes,-1489,yes,yes,unknown,29,may,177,1,-1,0,unknown,no
28,blue-collar,single,secondary,no,0,no,yes,cellular,31,jul,11,21,-1,0,unknown,no
26,student,single,unknown,no,19,no,no,telephone,30,apr,268,1,-1,0,unknown,no
29,blue-collar,married,primary,no,7,yes,no,cellular,12,may,69,3,-1,0,unknown,no
31,student,single,tertiary,no,64,no,no,cellular,2,jun,261,2,-1,0,unknown,yes
27,management,single,tertiary,yes,0,no,yes,cellular,8,jul,46,1,-1,0,unknown,no
32,management,married,tertiary,no,169,no,yes,cellular,20,aug,119,2,-1,0,unknown,no
29,management,single,secondary,no,293,yes,no,unknown,28,may,188,2,-1,0,unknown,no
52,retired,married,tertiary,no,2269,no,no,unknown,20,jun,1210,1,-1,0,unknown,yes
30,blue-collar,single,secondary,no,573,yes,no,unknown,12,may,116,2,-1,0,unknown,no
51,management,married,secondary,no,1573,no,no,cellular,28,aug,72,18,-1,0,unknown,no
28,blue-collar,single,secondary,no,-284,yes,no,unknown,12,may,162,1,-1,0,unknown,no
63,retired,married,secondary,no,18016,no,no,cellular,7,jul,371,1,-1,0,unknown,yes
61,management,single,tertiary,no,2,no,no,cellular,12,aug,131,1,114,3,failure,yes
40,blue-collar,divorced,secondary,no,-426,no,yes,unknown,26,may,245,1,-1,0,unknown,no
26,student,single,secondary,no,620,no,no,cellular,22,may,223,1,94,1,success,yes
34,blue-collar,married,primary,no,-1,yes,no,cellular,18,may,1057,6,355,1,other,yes
25,blue-collar,married,secondary,no,97,yes,no,unknown,27,may,709,1,-1,0,unknown,yes
30,management,single,tertiary,no,5359,no,no,cellular,27,may,119,1,98,1,success,yes
51,management,single,tertiary,no,4305,yes,no,cellular,4,may,126,1,-1,0,unknown,no
30,management,married,tertiary,no,1235,yes,no,cellular,28,jul,104,3,-1,0,unknown,no
47,management,married,tertiary,no,274,no,yes,cellular,4,feb,313,2,-1,0,unknown,no
42,management,single,tertiary,yes,0,yes,no,cellular,21,nov,824,1,-1,0,unknown,yes
36,management,single,tertiary,no,3343,no,no,cellular,18,nov,307,1,-1,0,unknown,no
40,blue-collar,married,primary,no,-66,yes,no,unknown,6,may,288,1,-1,0,unknown,no
40,blue-collar,single,secondary,no,1066,yes,no,unknown,21,may,171,1,-1,0,unknown,no
27,services,single,secondary,no,1820,yes,no,cellular,17,jul,1027,1,-1,0,unknown,yes
44,services,married,secondary,no,3536,no,no,cellular,31,jul,106,6,-1,0,unknown,no
47,management,married,tertiary,no,6637,yes,no,cellular,17,apr,174,2,-1,0,unknown,no
34,housemaid,married,tertiary,no,677,no,no,cellular,9,feb,37,2,-1,0,unknown,no
32,technician,single,tertiary,no,6281,yes,no,unknown,3,jun,1336,4,-1,0,unknown,yes
33,admin.,married,secondary,no,1737,no,no,cellular,30,apr,524,2,-1,0,unknown,no
55,unknown,married,secondary,no,1157,no,no,cellular,12,jul,289,1,412,2,failure,no
43,admin.,single,secondary,no,733,yes,no,cellular,25,may,282,1,187,3,success,yes
32,technician,divorced,secondary,no,-262,yes,no,telephone,28,aug,85,24,-1,0,unknown,no
50,technician,married,secondary,no,778,no,no,cellular,23,jul,16,1,-1,0,unknown,no
28,blue-collar,married,primary,no,674,yes,no,telephone,14,may,921,4,-1,0,unknown,no
35,management,single,tertiary,no,62,yes,no,cellular,20,apr,213,3,-1,0,unknown,yes
37,management,married,tertiary,no,203,no,no,cellular,21,oct,759,1,90,5,success,yes
43,admin.,married,secondary,no,378,no,no,cellular,30,jul,782,8,-1,0,unknown,yes
71,retired,married,primary,no,2600,no,no,cellular,13,nov,186,2,98,1,success,yes
26,entrepreneur,married,tertiary,yes,144,no,yes,cellular,25,jul,730,1,-1,0,unknown,no
37,admin.,married,tertiary,no,29,no,no,cellular,14,may,404,2,183,2,other,yes
32,management,married,tertiary,no,628,no,no,cellular,30,apr,280,1,-1,0,unknown,no
45,blue-collar,single,secondary,no,615,yes,no,cellular,15,may,133,1,-1,0,unknown,no
36,blue-collar,single,secondary,no,3623,no,no,unknown,12,nov,71,1,378,1,success,yes
28,admin.,single,secondary,no,762,no,no,cellular,18,sep,115,3,-1,0,unknown,yes
42,blue-collar,married,primary,no,201,yes,no,cellular,11,aug,265,1,103,3,success,yes
29,blue-collar,single,secondary,no,415,no,yes,cellular,28,jan,161,1,-1,0,unknown,no
32,management,single,tertiary,no,9317,no,no,cellular,2,nov,92,3,-1,0,unknown,no
27,blue-collar,single,primary,no,377,no,no,cellular,19,feb,645,2,-1,0,unknown,yes
37,technician,single,tertiary,no,6101,no,no,cellular,4,may,60,5,87,1,success,no
46,management,married,tertiary,no,1906,no,no,cellular,28,aug,44,6,-1,0,unknown,no
51,self-employed,married,secondary,no,95,yes,no,cellular,23,jul,1309,4,-1,0,unknown,yes
31,blue-collar,single,secondary,no,1979,yes,yes,cellular,6,may,1205,1,-1,0,unknown,yes
37,blue-collar,married,secondary,no,1590,no,no,unknown,12,jun,305,2,-1,0,unknown,no
32,management,single,tertiary,no,2915,no,no,cellular,8,sep,519,1,131,2,failure,yes
54,unemployed,single,secondary,no,380,no,no,cellular,17,nov,696,2,-1,0,unknown,yes
42,blue-collar,married,secondary,no,3,yes,no,cellular,12,may,118,1,-1,0,unknown,no
44,technician,single,tertiary,no,678,no,no,cellular,3,feb,111,1,124,2,other,no
37,management,married,tertiary,no,658,yes,no,cellular,5,may,838,1,-1,0,unknown,yes
87,retired,married,primary,no,230,no,no,cellular,30,oct,144,1,-1,0,unknown,yes
33,technician,married,secondary,no,0,no,no,cellular,25,aug,296,8,-1,0,unknown,no
26,management,single,tertiary,no,222,no,no,cellular,26,oct,318,1,120,3,success,yes
37,housemaid,single,secondary,no,465,yes,no,cellular,18,may,899,3,-1,0,unknown,yes
81,retired,divorced,unknown,no,9224,no,no,telephone,9,nov,235,2,-1,0,unknown,no
43,management,divorced,tertiary,no,481,yes,no,cellular,3,jun,187,1,20,1,other,yes
39,entrepreneur,married,tertiary,no,2644,yes,no,unknown,20,may,253,1,-1,0,unknown,no
49,management,divorced,tertiary,no,9326,yes,no,unknown,3,jun,166,1,-1,0,unknown,no
35,blue-collar,married,primary,no,102,yes,no,unknown,20,may,1334,1,-1,0,unknown,yes
56,admin.,married,primary,no,0,yes,no,cellular,3,apr,353,2,227,4,failure,no
30,technician,single,tertiary,no,2325,no,no,cellular,10,aug,263,1,127,7,failure,yes
28,technician,single,tertiary,no,558,yes,no,cellular,15,may,300,1,-1,0,unknown,no
55,blue-collar,married,primary,no,11,no,no,unknown,17,jun,150,2,-1,0,unknown,no
35,technician,single,secondary,no,196,yes,no,cellular,21,nov,318,1,-1,0,unknown,no
67,retired,married,tertiary,no,1341,no,no,cellular,13,feb,706,1,-1,0,unknown,yes
33,management,married,secondary,no,67,yes,yes,unknown,23,may,316,4,-1,0,unknown,no
57,management,married,tertiary,no,1410,yes,no,cellular,10,jul,185,1,-1,0,unknown,no
45,technician,single,tertiary,no,2033,no,no,cellular,15,jun,243,5,285,2,success,yes
48,blue-collar,married,primary,no,363,yes,no,unknown,18,jun,257,6,-1,0,unknown,no
32,blue-collar,married,secondary,no,136,no,no,cellular,16,nov,206,1,188,3,success,yes
31,admin.,single,secondary,no,387,yes,no,cellular,13,may,228,2,370,1,failure,no
57,housemaid,married,primary,no,625,no,yes,unknown,11,jun,867,1,-1,0,unknown,yes
38,blue-collar,married,secondary,no,2467,no,no,cellular,2,jun,192,1,-1,0,unknown,yes
51,admin.,single,secondary,no,895,no,no,cellular,23,jul,638,2,-1,0,unknown,yes
58,retired,married,secondary,no,5435,yes,no,unknown,6,may,118,1,-1,0,unknown,no
50,technician,married,secondary,no,3370,no,no,cellular,2,jun,160,2,-1,0,unknown,yes
36,blue-collar,married,primary,no,973,yes,yes,unknown,23,may,293,1,-1,0,unknown,no
53,retired,married,primary,no,1068,no,no,cellular,28,jan,200,1,-1,0,unknown,no
50,housemaid,single,primary,no,1158,yes,no,cellular,3,feb,116,3,265,3,failure,no
80,retired,married,primary,no,155,no,no,telephone,9,dec,343,2,-1,0,unknown,yes
38,admin.,divorced,secondary,yes,0,no,yes,cellular,21,jul,126,3,-1,0,unknown,no
33,management,married,tertiary,no,808,yes,no,cellular,19,aug,12,16,-1,0,unknown,no
36,blue-collar,married,primary,no,21,no,no,telephone,20,nov,35,1,-1,0,unknown,no
38,admin.,divorced,secondary,no,0,no,no,unknown,5,jun,56,1,-1,0,unknown,no
37,technician,single,tertiary,no,147,no,no,unknown,7,may,416,2,-1,0,unknown,no
26,admin.,single,secondary,yes,-930,yes,no,cellular,14,may,786,1,-1,0,unknown,yes
37,admin.,divorced,tertiary,no,-65,no,no,cellular,21,jul,226,1,-1,0,unknown,no
47,management,married,primary,yes,145,no,yes,unknown,1,jul,163,1,-1,0,unknown,no
51,blue-collar,married,secondary,no,700,no,no,cellular,8,aug,237,4,-1,0,unknown,no
36,admin.,married,secondary,no,542,yes,no,unknown,18,jun,604,6,-1,0,unknown,no
46,blue-collar,married,unknown,no,9328,yes,no,cellular,5,may,725,3,-1,0,unknown,yes
34,admin.,married,tertiary,no,21,no,yes,cellular,2,jun,269,1,92,2,failure,no
54,management,married,unknown,no,24,no,no,cellular,31,jul,12,10,-1,0,unknown,no
48,entrepreneur,divorced,tertiary,no,0,yes,yes,unknown,20,jun,139,1,-1,0,unknown,no
58,unemployed,married,secondary,no,687,yes,no,cellular,30,apr,341,2,-1,0,unknown,yes
31,blue-collar,married,secondary,no,255,yes,yes,cellular,18,may,295,1,-1,0,unknown,no
44,unemployed,single,primary,yes,-4,no,yes,cellular,30,jul,788,2,-1,0,unknown,yes
41,blue-collar,married,primary,no,0,yes,yes,unknown,6,may,238,1,-1,0,unknown,no
48,management,married,tertiary,no,3842,no,no,cellular,1,jun,215,2,-1,0,unknown,yes
51,management,single,unknown,no,1277,no,no,cellular,22,feb,143,5,294,1,failure,no
38,management,married,tertiary,no,613,no,no,cellular,3,feb,239,1,-1,0,unknown,yes
43,management,married,tertiary,no,2987,no,no,cellular,4,jun,156,1,85,3,failure,yes
37,technician,single,secondary,no,980,no,no,cellular,8,aug,1306,5,-1,0,unknown,yes
34,retired,married,primary,no,4499,no,no,unknown,21,may,1681,1,-1,0,unknown,yes
35,blue-collar,married,primary,no,2490,yes,no,cellular,18,may,170,1,180,3,failure,no
40,admin.,married,secondary,no,67,no,yes,cellular,19,nov,359,2,152,5,failure,no
41,management,married,tertiary,no,326,yes,no,cellular,5,may,788,1,-1,0,unknown,yes
49,entrepreneur,divorced,secondary,no,159,yes,no,unknown,13,may,95,3,-1,0,unknown,no
57,management,married,primary,no,687,yes,yes,telephone,21,jul,107,3,-1,0,unknown,no
34,management,married,tertiary,no,417,yes,no,cellular,18,nov,138,1,-1,0,unknown,no
38,services,married,secondary,no,797,yes,no,cellular,20,apr,62,4,-1,0,unknown,no
45,management,married,tertiary,no,160,no,no,cellular,10,nov,182,2,194,1,success,yes
66,self-employed,married,tertiary,no,147,no,no,telephone,12,jan,411,1,-1,0,unknown,yes
74,retired,married,secondary,no,935,no,no,cellular,5,may,226,1,99,2,failure,yes
40,management,married,secondary,no,643,yes,no,cellular,17,apr,74,2,256,1,failure,no
30,self-employed,single,secondary,no,1031,no,no,unknown,20,oct,7,1,-1,0,unknown,no
35,blue-collar,married,secondary,no,149,yes,no,cellular,29,apr,507,3,349,1,other,yes
32,technician,single,secondary,no,1307,yes,no,unknown,28,may,267,2,-1,0,unknown,no
40,technician,married,secondary,no,192,yes,yes,cellular,15,may,16,8,351,5,failure,no
30,self-employed,single,tertiary,no,578,yes,no,unknown,2,jun,142,4,-1,0,unknown,no
30,management,single,tertiary,no,147,no,no,cellular,9,sep,234,1,100,1,failure,yes
43,management,married,tertiary,no,1258,no,no,unknown,20,oct,312,1,-1,0,unknown,yes
73,retired,married,primary,no,1388,no,no,telephone,11,jan,767,2,83,1,success,yes
36,management,single,tertiary,no,1379,no,no,cellular,25,may,189,1,186,1,failure,yes
48,admin.,married,unknown,no,3756,no,no,cellular,14,aug,65,10,-1,0,unknown,no
47,management,divorced,tertiary,no,4556,yes,no,unknown,14,may,146,1,-1,0,unknown,no
49,management,married,secondary,no,104,yes,no,unknown,8,may,285,1,-1,0,unknown,no
39,management,married,secondary,no,517,yes,no,cellular,18,nov,387,3,196,2,failure,no
59,blue-collar,married,primary,no,-546,no,no,cellular,25,aug,1152,6,-1,0,unknown,yes
49,admin.,married,secondary,no,2501,yes,no,unknown,30,may,50,2,-1,0,unknown,no
24,student,single,secondary,no,1809,no,no,cellular,11,oct,165,1,95,2,success,yes
36,technician,married,secondary,no,432,yes,yes,unknown,4,aug,94,1,-1,0,unknown,no
28,technician,single,unknown,no,0,yes,no,cellular,27,oct,96,1,267,1,failure,yes
48,management,married,tertiary,no,157,no,no,cellular,28,jan,417,4,-1,0,unknown,yes
29,technician,single,secondary,yes,-397,yes,no,unknown,28,may,114,1,-1,0,unknown,no
30,services,single,secondary,no,117,no,no,cellular,28,jan,135,1,-1,0,unknown,no
53,blue-collar,married,secondary,no,208,no,no,unknown,20,jun,333,15,-1,0,unknown,no
55,management,married,tertiary,no,23189,yes,no,unknown,14,may,77,1,-1,0,unknown,no
31,management,single,tertiary,no,515,no,no,cellular,1,jun,296,5,-1,0,unknown,yes
37,blue-collar,single,unknown,no,2188,no,no,unknown,16,may,193,8,-1,0,unknown,no
40,blue-collar,married,primary,no,278,yes,no,unknown,23,may,1015,3,-1,0,unknown,yes
45,blue-collar,married,primary,no,6691,no,no,cellular,13,aug,211,2,-1,0,unknown,no
33,management,married,tertiary,no,250,no,no,cellular,4,mar,377,6,-1,0,unknown,yes
59,retired,divorced,primary,no,20,no,no,cellular,10,jul,298,1,-1,0,unknown,no
28,student,single,secondary,no,154,yes,no,unknown,20,may,21,9,-1,0,unknown,no
41,technician,married,secondary,no,4004,no,no,cellular,17,apr,314,2,-1,0,unknown,yes
32,management,married,tertiary,no,1683,yes,yes,cellular,20,apr,72,2,-1,0,unknown,no
54,management,married,tertiary,no,184,no,no,cellular,6,feb,13,6,-1,0,unknown,no
38,management,married,tertiary,no,238,no,no,cellular,4,aug,139,1,92,3,failure,yes
41,services,married,secondary,no,0,yes,yes,cellular,4,jun,352,2,122,2,failure,yes
36,management,married,tertiary,no,255,no,no,cellular,22,may,970,2,92,2,other,yes
49,technician,single,unknown,no,350,no,no,cellular,28,jan,91,3,-1,0,unknown,no
43,blue-collar,married,primary,no,3917,no,no,cellular,3,jun,725,2,93,1,success,yes
45,admin.,divorced,secondary,no,0,yes,no,cellular,17,nov,102,1,-1,0,unknown,no
54,retired,married,primary,no,11,yes,yes,cellular,18,aug,48,10,-1,0,unknown,no
35,technician,married,secondary,no,0,yes,no,cellular,9,nov,524,1,96,5,success,yes
38,management,married,secondary,no,3840,yes,yes,cellular,17,nov,62,1,-1,0,unknown,no
35,management,divorced,tertiary,no,457,yes,no,cellular,5,feb,114,3,-1,0,unknown,no
59,retired,married,secondary,no,1887,no,no,cellular,28,aug,88,8,-1,0,unknown,no
29,management,single,tertiary,no,437,no,no,cellular,5,aug,504,1,92,1,success,yes
36,admin.,divorced,secondary,no,-811,yes,no,cellular,12,may,365,2,-1,0,unknown,yes
29,technician,single,secondary,no,938,no,no,cellular,3,nov,358,1,-1,0,unknown,yes
33,technician,single,secondary,no,151,yes,no,cellular,20,apr,104,3,236,6,failure,no
36,blue-collar,divorced,primary,no,-308,yes,no,cellular,12,may,725,1,-1,0,unknown,yes
45,blue-collar,married,primary,no,803,yes,no,cellular,4,may,742,4,-1,0,unknown,yes
37,management,single,tertiary,no,427,yes,no,unknown,20,may,121,1,-1,0,unknown,no
29,unemployed,single,unknown,no,67,no,no,cellular,28,jan,330,2,-1,0,unknown,no
25,student,single,secondary,no,3713,no,no,cellular,24,may,323,2,353,3,other,yes
59,admin.,married,secondary,no,2343,yes,no,unknown,5,may,1042,1,-1,0,unknown,yes
39,management,single,tertiary,no,2454,yes,no,cellular,4,may,716,3,263,2,failure,yes
49,blue-collar,married,primary,no,-157,yes,no,cellular,7,jul,491,3,-1,0,unknown,yes
38,admin.,divorced,secondary,no,198,yes,no,unknown,26,may,431,2,-1,0,unknown,yes
50,admin.,single,secondary,no,3702,no,no,cellular,16,oct,109,5,-1,0,unknown,no
28,services,single,secondary,no,198,no,no,cellular,5,jul,128,2,-1,0,unknown,yes
47,management,married,secondary,no,21,yes,no,cellular,18,nov,229,2,-1,0,unknown,no
58,retired,divorced,primary,no,2538,yes,no,cellular,19,nov,680,2,111,6,failure,yes
56,management,married,tertiary,no,171,no,yes,telephone,17,jul,610,2,-1,0,unknown,no
36,admin.,single,secondary,no,1281,no,no,telephone,24,jul,119,2,-1,0,unknown,no
56,housemaid,divorced,secondary,no,1866,no,yes,cellular,1,oct,760,1,-1,0,unknown,no
31,management,single,tertiary,no,3384,no,no,cellular,16,sep,153,1,104,2,success,yes
28,admin.,single,secondary,no,-170,no,yes,cellular,10,jul,720,2,-1,0,unknown,yes
30,management,single,tertiary,no,222,yes,no,cellular,12,aug,112,4,-1,0,unknown,no
35,self-employed,single,tertiary,no,353,no,no,cellular,12,aug,582,1,-1,0,unknown,yes
33,management,divorced,tertiary,no,2240,no,no,cellular,3,jun,198,1,-1,0,unknown,yes
31,services,married,secondary,no,71,yes,no,cellular,17,jul,740,2,-1,0,unknown,no
56,retired,married,primary,no,1906,no,yes,unknown,19,jun,45,9,-1,0,unknown,no
25,services,single,secondary,no,2311,no,yes,cellular,21,jul,1105,2,-1,0,unknown,yes
33,blue-collar,married,primary,no,-191,yes,yes,cellular,9,jul,1290,4,-1,0,unknown,yes
34,admin.,single,secondary,no,598,yes,no,cellular,17,apr,365,1,324,1,failure,no
42,blue-collar,married,secondary,no,-755,yes,yes,unknown,2,jun,312,1,-1,0,unknown,no
34,technician,single,tertiary,no,122,no,no,unknown,27,may,73,5,-1,0,unknown,no
49,management,single,tertiary,no,370,no,no,cellular,19,aug,386,3,-1,0,unknown,no
37,technician,single,secondary,no,3326,yes,no,unknown,21,may,799,1,-1,0,unknown,yes
30,admin.,single,secondary,no,0,no,no,cellular,4,sep,316,3,-1,0,unknown,yes
40,management,married,tertiary,no,9366,no,no,cellular,11,nov,69,3,-1,0,unknown,yes
52,unemployed,married,secondary,no,94,no,no,cellular,10,nov,293,3,190,10,failure,yes
44,management,married,tertiary,no,1791,no,no,cellular,11,feb,71,1,190,1,success,yes
47,management,married,tertiary,no,2306,no,no,telephone,6,aug,239,4,-1,0,unknown,yes
29,management,single,tertiary,no,9407,no,no,cellular,4,may,267,6,-1,0,unknown,yes
30,management,single,tertiary,no,4210,no,no,cellular,12,aug,796,4,-1,0,unknown,yes
35,admin.,married,secondary,no,421,yes,no,cellular,18,nov,350,1,-1,0,unknown,no
31,blue-collar,married,secondary,no,369,yes,yes,unknown,14,may,89,2,-1,0,unknown,no
34,blue-collar,married,primary,no,425,yes,no,cellular,16,jul,1389,7,-1,0,unknown,no
33,technician,single,secondary,no,3059,no,yes,cellular,6,aug,482,2,-1,0,unknown,yes
58,technician,married,secondary,no,786,yes,no,unknown,7,may,165,3,-1,0,unknown,no
26,technician,single,secondary,no,124,yes,no,unknown,12,may,57,8,-1,0,unknown,no
51,management,married,tertiary,no,2635,no,no,cellular,21,may,407,3,74,5,failure,yes
58,self-employed,married,secondary,no,9994,no,no,cellular,10,jul,400,1,-1,0,unknown,no
47,blue-collar,married,secondary,no,802,yes,yes,cellular,12,may,289,2,-1,0,unknown,yes
34,student,single,unknown,no,1011,no,no,cellular,1,jun,253,1,-1,0,unknown,yes
47,management,single,tertiary,no,-230,no,no,cellular,4,feb,293,1,-1,0,unknown,no
34,technician,single,tertiary,no,6529,no,no,cellular,14,aug,505,2,-1,0,unknown,yes
35,management,single,tertiary,no,0,no,no,cellular,29,aug,131,2,-1,0,unknown,no
64,management,married,tertiary,no,3951,no,no,cellular,29,oct,164,1,-1,0,unknown,yes
20,student,single,secondary,no,215,no,no,cellular,21,aug,228,4,183,1,other,yes
49,technician,married,secondary,no,1091,no,no,telephone,30,jul,47,2,-1,0,unknown,no
55,housemaid,married,primary,no,4,no,no,cellular,21,nov,85,3,-1,0,unknown,no
46,admin.,married,secondary,no,974,no,no,cellular,5,jun,174,2,80,1,success,yes
52,technician,single,secondary,no,436,no,yes,unknown,22,mar,95,1,-1,0,unknown,yes
30,management,married,tertiary,no,14,no,no,cellular,24,jul,90,2,-1,0,unknown,no
43,blue-collar,married,secondary,no,1025,yes,no,cellular,2,jun,106,1,-1,0,unknown,no
57,unemployed,married,primary,no,0,yes,no,cellular,20,nov,231,2,-1,0,unknown,no
67,management,married,tertiary,no,405,no,no,cellular,10,nov,344,2,95,2,success,yes
33,management,married,secondary,no,588,yes,no,cellular,18,may,11,5,-1,0,unknown,no
27,admin.,single,secondary,no,4745,no,no,telephone,12,nov,411,4,192,1,other,yes
34,services,married,secondary,no,1182,yes,no,unknown,28,may,124,1,-1,0,unknown,no
41,management,married,tertiary,no,-29,no,no,cellular,29,jan,41,2,266,2,failure,no
34,blue-collar,single,secondary,no,-72,yes,no,cellular,7,jul,273,5,-1,0,unknown,no
40,services,single,secondary,no,19343,yes,no,cellular,21,nov,13,4,179,4,failure,no
60,retired,married,secondary,no,2060,no,no,cellular,26,mar,454,1,88,3,other,no
32,management,single,tertiary,no,154,no,yes,cellular,21,aug,301,3,-1,0,unknown,no
43,technician,divorced,secondary,no,6835,no,no,unknown,20,jun,262,2,-1,0,unknown,no
44,blue-collar,single,secondary,no,712,yes,yes,cellular,6,apr,740,3,-1,0,unknown,yes
39,management,single,tertiary,no,5047,no,no,cellular,29,apr,218,4,-1,0,unknown,yes
43,blue-collar,married,secondary,no,576,yes,yes,unknown,13,may,148,1,-1,0,unknown,no
34,management,divorced,tertiary,no,70,yes,no,unknown,22,jul,5,1,701,6,other,no
31,management,single,tertiary,no,533,no,no,cellular,11,feb,144,1,91,9,success,yes
56,management,divorced,tertiary,no,310,no,no,unknown,20,jun,75,4,-1,0,unknown,no
26,admin.,married,secondary,no,714,yes,no,unknown,28,may,183,1,-1,0,unknown,no
41,management,married,tertiary,no,5561,no,no,cellular,20,aug,649,2,-1,0,unknown,yes
43,technician,married,secondary,no,3723,yes,no,cellular,11,aug,134,4,-1,0,unknown,no
37,unemployed,married,tertiary,no,7620,no,no,telephone,23,feb,367,1,176,6,failure,yes
43,blue-collar,married,secondary,no,833,no,no,cellular,17,jul,156,1,-1,0,unknown,no
67,retired,married,tertiary,no,3810,no,no,cellular,21,oct,1206,1,-1,0,unknown,no
32,technician,single,tertiary,no,1246,yes,no,cellular,4,feb,192,2,-1,0,unknown,yes
41,services,married,secondary,no,804,yes,no,unknown,20,may,127,8,-1,0,unknown,no
31,admin.,married,secondary,no,23,no,no,cellular,28,aug,322,7,-1,0,unknown,no
37,blue-collar,married,secondary,no,604,yes,no,cellular,7,oct,371,1,495,1,failure,yes
34,unemployed,single,secondary,no,15,no,no,cellular,12,jan,377,1,-1,0,unknown,yes
29,admin.,married,secondary,no,494,yes,no,unknown,26,may,341,2,-1,0,unknown,no
61,retired,married,tertiary,no,32685,no,no,cellular,2,mar,1447,2,-1,0,unknown,yes
63,blue-collar,married,secondary,no,641,no,no,cellular,27,may,417,2,-1,0,unknown,yes
30,management,single,tertiary,no,720,no,no,cellular,15,jan,1265,4,210,4,other,yes
32,management,married,tertiary,no,71,no,no,cellular,2,feb,75,1,-1,0,unknown,no
39,blue-collar,married,primary,no,332,yes,no,unknown,8,may,277,3,-1,0,unknown,no
30,blue-collar,single,unknown,no,6281,no,no,cellular,21,apr,149,2,-1,0,unknown,yes
34,technician,single,secondary,no,2085,no,no,cellular,10,aug,356,3,182,2,success,yes
43,management,single,tertiary,no,1696,yes,no,cellular,26,aug,257,1,474,3,failure,yes
29,housemaid,single,tertiary,no,19,no,no,cellular,5,feb,110,2,64,2,success,yes
55,technician,divorced,secondary,yes,284,yes,no,cellular,7,aug,78,2,-1,0,unknown,no
31,unemployed,married,secondary,no,314,yes,no,cellular,20,nov,1341,3,178,7,failure,yes
23,unemployed,single,primary,no,1003,no,no,telephone,27,nov,8,1,-1,0,unknown,yes
39,technician,married,tertiary,no,1524,no,no,cellular,20,apr,567,1,-1,0,unknown,yes
32,blue-collar,married,secondary,no,476,yes,no,cellular,23,jul,956,9,-1,0,unknown,yes
46,admin.,divorced,secondary,no,2196,no,no,cellular,28,jul,573,5,-1,0,unknown,yes
50,admin.,married,secondary,no,-1415,no,no,cellular,19,aug,358,2,-1,0,unknown,no
30,technician,single,secondary,no,281,no,no,cellular,12,aug,105,2,-1,0,unknown,no
57,retired,married,tertiary,no,138,no,no,unknown,26,may,157,5,-1,0,unknown,no
44,technician,single,secondary,no,285,yes,no,cellular,12,may,373,3,-1,0,unknown,no
32,technician,single,secondary,no,324,no,yes,cellular,23,feb,432,1,-1,0,unknown,yes
39,management,single,tertiary,no,307,no,no,cellular,22,may,182,2,-1,0,unknown,yes
55,technician,divorced,tertiary,no,0,no,no,cellular,18,aug,237,1,-1,0,unknown,yes
55,technician,married,secondary,no,0,no,no,cellular,27,jul,506,2,-1,0,unknown,no
23,student,single,secondary,no,107,no,no,cellular,13,apr,256,5,181,2,success,yes
33,blue-collar,single,secondary,no,1387,no,no,cellular,5,feb,185,1,-1,0,unknown,no
51,blue-collar,married,secondary,no,1022,yes,no,cellular,8,may,311,3,-1,0,unknown,no
34,management,married,tertiary,no,101,yes,no,cellular,13,aug,209,5,-1,0,unknown,no
75,retired,married,primary,no,1413,no,no,cellular,1,sep,532,2,188,2,success,yes
59,management,single,tertiary,no,7668,no,no,cellular,5,aug,124,1,-1,0,unknown,no
30,technician,single,secondary,no,194,no,yes,cellular,27,aug,60,3,-1,0,unknown,no
44,admin.,single,secondary,no,275,yes,no,cellular,14,may,7,5,367,4,failure,no
58,admin.,married,secondary,no,1813,yes,no,telephone,17,jul,15,1,-1,0,unknown,no
58,management,married,tertiary,no,96,no,no,cellular,21,nov,850,1,-1,0,unknown,yes
49,admin.,married,secondary,no,0,no,no,cellular,22,aug,115,2,-1,0,unknown,no
52,technician,married,secondary,no,137,no,no,cellular,6,jul,227,2,-1,0,unknown,yes
30,blue-collar,single,secondary,no,0,yes,no,cellular,14,jul,768,2,-1,0,unknown,no
32,technician,married,secondary,no,473,no,yes,cellular,10,aug,1064,1,95,3,success,yes
34,blue-collar,married,unknown,no,568,yes,no,cellular,25,jul,256,1,-1,0,unknown,no
59,retired,divorced,unknown,no,-49,yes,no,unknown,13,may,248,2,-1,0,unknown,no
50,admin.,divorced,secondary,no,-194,yes,no,cellular,13,apr,238,2,-1,0,unknown,no
45,admin.,married,secondary,no,0,no,no,cellular,14,aug,113,2,-1,0,unknown,no
31,technician,single,secondary,no,4105,no,no,cellular,30,apr,264,1,-1,0,unknown,no
58,retired,married,primary,no,1241,no,no,cellular,18,aug,194,2,-1,0,unknown,yes
40,technician,married,secondary,no,694,yes,no,cellular,3,jun,431,2,119,9,failure,yes
34,admin.,married,primary,no,0,yes,yes,cellular,14,may,1020,1,-1,0,unknown,yes
36,admin.,divorced,tertiary,no,4708,no,no,cellular,3,dec,284,1,171,1,failure,yes
35,services,married,secondary,no,437,yes,no,unknown,26,may,240,1,-1,0,unknown,no
64,retired,married,secondary,no,466,yes,no,cellular,18,oct,526,1,-1,0,unknown,yes
54,retired,married,secondary,no,-152,yes,yes,unknown,26,may,14,11,-1,0,unknown,no
40,services,married,secondary,no,-116,yes,no,unknown,29,may,176,3,-1,0,unknown,no
54,self-employed,single,tertiary,no,384,no,yes,cellular,27,may,200,1,-1,0,unknown,yes
43,entrepreneur,married,tertiary,no,13342,yes,no,cellular,18,nov,465,1,-1,0,unknown,no
32,entrepreneur,married,tertiary,no,762,no,no,cellular,19,jul,187,11,-1,0,unknown,yes
27,student,single,unknown,no,132,no,no,cellular,14,jul,276,1,-1,0,unknown,yes
36,technician,divorced,secondary,no,3296,yes,no,cellular,17,nov,130,1,-1,0,unknown,no
48,self-employed,married,secondary,no,1559,no,no,cellular,4,feb,130,2,-1,0,unknown,no
33,blue-collar,single,primary,no,863,yes,no,telephone,13,may,622,3,-1,0,unknown,yes
31,blue-collar,married,secondary,no,1779,yes,no,unknown,5,jun,85,2,-1,0,unknown,no
41,entrepreneur,married,primary,no,39,yes,no,cellular,21,nov,549,2,-1,0,unknown,yes
53,admin.,single,secondary,no,2398,yes,no,cellular,2,aug,317,1,180,2,failure,yes
31,entrepreneur,single,tertiary,yes,-405,yes,yes,cellular,13,aug,703,2,-1,0,unknown,yes
49,blue-collar,married,primary,no,1032,yes,no,unknown,2,jun,41,5,-1,0,unknown,no
35,blue-collar,married,unknown,no,1201,no,no,unknown,18,jun,537,1,-1,0,unknown,yes
30,management,single,tertiary,no,119,no,no,cellular,28,jan,430,1,-1,0,unknown,no
45,blue-collar,married,primary,yes,-443,yes,yes,cellular,20,apr,691,1,-1,0,unknown,yes
34,blue-collar,married,secondary,no,496,yes,no,cellular,13,may,333,1,-1,0,unknown,yes
74,retired,married,secondary,no,921,no,no,telephone,17,apr,394,2,-1,0,unknown,yes
46,management,single,tertiary,no,2223,no,no,unknown,12,jun,67,3,-1,0,unknown,no
38,management,single,tertiary,no,427,yes,no,cellular,6,may,17,3,169,2,failure,no
26,admin.,single,secondary,no,1099,no,no,cellular,15,jan,99,2,225,13,other,no
27,blue-collar,married,unknown,no,409,yes,no,cellular,18,may,525,1,-1,0,unknown,yes
41,services,married,secondary,no,-140,no,yes,unknown,6,jun,190,1,-1,0,unknown,no
27,services,married,secondary,no,0,yes,no,cellular,22,jul,1608,13,-1,0,unknown,yes
33,management,married,tertiary,no,1514,no,no,cellular,10,aug,447,1,728,2,failure,yes
43,technician,single,unknown,no,11115,no,no,cellular,23,oct,476,1,74,2,success,yes
34,admin.,married,secondary,no,-33,yes,yes,cellular,10,jul,961,1,-1,0,unknown,yes
83,retired,divorced,primary,no,1097,no,no,telephone,5,mar,181,1,-1,0,unknown,yes
40,services,married,secondary,no,105,yes,no,cellular,9,jul,161,1,-1,0,unknown,no
38,management,single,secondary,no,399,yes,no,cellular,11,aug,367,4,-1,0,unknown,no
50,technician,married,tertiary,no,3117,no,no,cellular,20,nov,44,2,164,1,failure,no
36,admin.,divorced,secondary,no,437,yes,no,cellular,14,may,722,2,344,1,success,yes
53,technician,divorced,primary,no,1443,yes,no,unknown,14,may,476,1,-1,0,unknown,yes
59,management,married,tertiary,no,1585,no,no,telephone,28,aug,91,5,-1,0,unknown,no
47,technician,married,primary,no,235,no,no,cellular,2,mar,136,2,203,1,other,yes
44,admin.,single,secondary,no,733,yes,no,cellular,4,dec,360,2,105,5,success,yes
37,blue-collar,single,secondary,no,847,no,no,unknown,20,jun,54,1,-1,0,unknown,no
27,management,single,secondary,no,178,yes,no,unknown,3,jun,732,2,-1,0,unknown,yes
33,management,divorced,tertiary,no,387,no,no,cellular,6,feb,17,5,-1,0,unknown,no
40,admin.,married,secondary,no,1535,yes,no,unknown,14,may,704,1,-1,0,unknown,yes
27,student,single,tertiary,no,1134,no,no,cellular,21,oct,825,1,183,4,success,yes
31,blue-collar,single,secondary,no,2093,no,no,cellular,7,jul,103,1,-1,0,unknown,no
36,services,married,secondary,no,394,no,no,cellular,5,aug,324,1,-1,0,unknown,yes
36,management,married,tertiary,no,625,yes,no,cellular,18,jul,1360,9,-1,0,unknown,yes
59,management,married,primary,no,2769,yes,no,cellular,19,nov,104,1,131,2,failure,no
31,admin.,married,secondary,no,1229,no,no,cellular,12,apr,176,1,-1,0,unknown,yes
44,blue-collar,married,unknown,no,146,yes,no,unknown,15,may,483,1,-1,0,unknown,yes
31,technician,single,secondary,no,253,no,no,cellular,13,jan,262,1,-1,0,unknown,no
44,services,married,secondary,no,850,no,yes,cellular,16,jul,220,5,-1,0,unknown,no
58,retired,divorced,tertiary,no,499,yes,yes,cellular,29,jan,181,1,-1,0,unknown,no
30,self-employed,single,secondary,no,5223,no,no,cellular,14,oct,404,2,-1,0,unknown,no
53,management,married,tertiary,no,7067,no,no,unknown,6,jun,82,3,-1,0,unknown,no
57,retired,divorced,secondary,no,316,no,no,cellular,28,jan,935,2,-1,0,unknown,no
33,blue-collar,married,secondary,yes,2,no,no,unknown,23,may,74,4,-1,0,unknown,no
40,blue-collar,divorced,secondary,no,973,no,no,cellular,14,may,449,1,-1,0,unknown,yes
29,blue-collar,married,primary,no,59,yes,yes,cellular,29,jul,665,4,-1,0,unknown,no
31,admin.,single,secondary,no,50,no,no,cellular,29,jan,395,1,-1,0,unknown,no
34,blue-collar,married,secondary,no,2595,yes,yes,cellular,17,apr,126,1,336,2,other,no
29,blue-collar,married,secondary,no,508,yes,yes,unknown,19,jun,262,5,-1,0,unknown,no
45,management,divorced,tertiary,no,2813,yes,no,cellular,13,may,43,1,-1,0,unknown,no
32,self-employed,married,tertiary,no,102,no,no,cellular,22,aug,398,5,-1,0,unknown,no
44,entrepreneur,single,unknown,no,323,no,no,cellular,28,jul,332,2,181,2,failure,yes
38,services,single,secondary,no,91,no,no,cellular,2,mar,207,1,-1,0,unknown,yes
56,retired,married,secondary,no,3738,yes,no,cellular,17,apr,156,1,305,6,other,yes
37,entrepreneur,married,tertiary,no,310,no,no,cellular,1,sep,76,1,-1,0,unknown,no
35,management,married,tertiary,no,8,no,no,cellular,23,apr,93,3,-1,0,unknown,yes
29,management,single,tertiary,no,119,yes,no,unknown,28,may,136,2,-1,0,unknown,no
35,technician,married,tertiary,no,7050,no,no,cellular,11,aug,222,3,182,4,success,yes
46,self-employed,married,tertiary,no,2421,no,no,cellular,19,nov,1084,1,100,4,failure,yes
31,management,single,tertiary,no,2007,yes,no,unknown,20,may,253,1,-1,0,unknown,no
42,management,married,tertiary,no,4,yes,no,cellular,17,jul,795,1,-1,0,unknown,yes
34,services,divorced,secondary,no,1281,no,no,cellular,5,feb,237,1,-1,0,unknown,no
53,blue-collar,married,secondary,no,1093,yes,yes,unknown,16,jun,244,3,-1,0,unknown,no
35,services,married,tertiary,no,0,yes,no,unknown,2,jun,312,2,-1,0,unknown,no
42,unemployed,married,secondary,no,1289,no,no,cellular,15,jul,250,4,415,2,failure,yes
42,self-employed,married,secondary,no,1216,yes,no,cellular,23,apr,296,1,521,1,failure,yes
32,technician,married,secondary,no,367,yes,no,cellular,11,may,214,2,276,3,failure,no
50,blue-collar,divorced,secondary,no,881,yes,yes,cellular,20,apr,162,1,-1,0,unknown,no
72,retired,married,primary,no,2600,no,no,cellular,3,feb,443,2,82,3,success,yes
72,retired,married,secondary,no,1978,no,no,cellular,6,sep,312,1,-1,0,unknown,yes
40,admin.,married,secondary,no,260,yes,no,cellular,13,may,306,1,181,5,success,yes
60,self-employed,married,secondary,no,0,no,no,unknown,6,jun,97,1,-1,0,unknown,no
52,management,married,tertiary,no,-2712,yes,yes,cellular,2,apr,253,1,-1,0,unknown,no
35,blue-collar,single,secondary,no,-482,yes,no,unknown,27,may,472,1,-1,0,unknown,no
19,student,single,secondary,no,394,no,no,cellular,5,apr,327,3,-1,0,unknown,yes
28,blue-collar,single,secondary,no,-46,yes,no,cellular,2,mar,525,1,89,11,failure,yes
35,technician,married,tertiary,no,703,no,no,cellular,20,apr,169,1,-1,0,unknown,no
41,management,married,secondary,no,3096,yes,no,cellular,24,jul,273,6,-1,0,unknown,no
47,unknown,married,unknown,no,677,no,no,cellular,30,apr,900,2,86,2,failure,yes
47,management,married,primary,no,4151,yes,no,unknown,14,may,114,1,-1,0,unknown,no
43,services,married,secondary,no,1220,no,no,cellular,28,jul,307,2,-1,0,unknown,no
44,management,married,tertiary,no,22,yes,no,cellular,6,aug,265,2,-1,0,unknown,no
48,blue-collar,married,primary,no,-254,no,yes,cellular,29,aug,134,4,-1,0,unknown,no
23,admin.,single,tertiary,no,314,no,yes,cellular,8,apr,142,4,-1,0,unknown,yes
39,management,married,primary,no,0,no,no,unknown,11,jun,308,7,-1,0,unknown,no
58,housemaid,married,tertiary,no,497,no,no,unknown,11,jun,138,5,-1,0,unknown,no
37,technician,married,secondary,no,0,yes,no,cellular,16,apr,657,4,149,1,other,no
67,management,married,tertiary,no,405,no,no,cellular,7,aug,345,2,-1,0,unknown,yes
49,blue-collar,married,secondary,no,3728,yes,no,cellular,11,jul,1060,2,-1,0,unknown,yes
51,management,married,primary,yes,57,yes,yes,unknown,8,may,61,1,-1,0,unknown,no
44,services,divorced,secondary,no,206,yes,no,cellular,14,may,78,1,365,1,failure,no
42,services,married,unknown,no,1340,no,yes,cellular,30,jul,88,5,-1,0,unknown,no
33,technician,married,tertiary,no,1699,no,no,cellular,4,aug,600,1,-1,0,unknown,yes
23,technician,single,unknown,no,231,yes,no,cellular,7,may,560,3,367,1,other,no
48,management,single,tertiary,no,334,yes,no,cellular,28,sep,600,2,92,12,success,yes
37,blue-collar,married,secondary,no,10721,yes,no,unknown,18,jun,394,3,-1,0,unknown,no
55,services,married,secondary,no,841,yes,no,cellular,15,may,140,9,372,4,failure,no
35,admin.,single,secondary,no,-32,no,yes,cellular,6,aug,366,2,178,9,success,yes
37,admin.,married,tertiary,no,3913,yes,no,cellular,27,apr,124,1,-1,0,unknown,yes
21,admin.,single,secondary,no,524,no,no,cellular,26,may,185,1,-1,0,unknown,yes
40,entrepreneur,married,tertiary,no,-164,no,no,cellular,7,may,87,1,-1,0,unknown,no
53,retired,divorced,tertiary,no,-309,yes,no,cellular,21,aug,343,2,428,2,success,yes
33,management,single,tertiary,no,349,no,no,cellular,22,aug,182,1,-1,0,unknown,no
41,technician,married,tertiary,no,1517,no,no,cellular,8,aug,193,3,-1,0,unknown,yes
53,technician,married,primary,no,6181,no,no,cellular,14,jul,817,2,209,3,other,yes
55,blue-collar,married,primary,no,158,yes,no,unknown,15,may,176,18,-1,0,unknown,no
32,blue-collar,married,secondary,no,333,yes,no,cellular,8,may,501,2,-1,0,unknown,yes
46,technician,married,secondary,no,966,yes,yes,cellular,19,aug,40,2,-1,0,unknown,no
38,housemaid,divorced,secondary,no,70,no,no,cellular,1,jun,263,1,-1,0,unknown,yes
49,blue-collar,married,secondary,no,298,yes,no,cellular,3,feb,392,3,-1,0,unknown,no
32,blue-collar,married,primary,no,1644,no,no,cellular,7,sep,492,3,102,5,other,yes
25,management,single,tertiary,no,2506,no,no,cellular,17,feb,485,1,-1,0,unknown,yes
49,management,married,tertiary,no,64,no,no,unknown,11,jun,586,1,-1,0,unknown,yes
35,blue-collar,married,secondary,no,0,yes,yes,unknown,29,may,543,1,-1,0,unknown,yes
61,retired,married,primary,no,8729,no,no,cellular,30,oct,480,1,-1,0,unknown,yes
36,services,single,secondary,no,365,no,no,cellular,4,may,643,1,-1,0,unknown,yes
36,technician,married,secondary,no,3,no,no,cellular,20,aug,100,4,-1,0,unknown,no
37,blue-collar,married,secondary,no,-4,yes,yes,unknown,29,may,381,1,-1,0,unknown,no
35,management,single,tertiary,no,643,yes,no,unknown,23,may,322,1,-1,0,unknown,no
29,services,married,secondary,no,3748,no,no,cellular,28,may,322,3,-1,0,unknown,no
39,blue-collar,married,secondary,no,1307,yes,no,telephone,31,oct,158,1,-1,0,unknown,yes
31,blue-collar,married,primary,no,605,yes,no,unknown,15,may,334,10,-1,0,unknown,no
58,management,married,tertiary,no,0,no,no,unknown,20,jun,22,4,-1,0,unknown,no
35,technician,single,tertiary,no,144,yes,yes,cellular,4,feb,202,4,113,20,failure,no
57,management,married,tertiary,no,10583,no,no,cellular,28,sep,341,3,98,3,success,yes
45,management,married,tertiary,no,210,yes,no,cellular,21,jul,623,1,-1,0,unknown,no
30,technician,single,tertiary,no,4060,no,no,cellular,3,feb,179,1,93,1,other,yes
33,admin.,married,secondary,no,0,yes,yes,cellular,9,jul,160,1,-1,0,unknown,no
37,management,single,tertiary,no,0,no,no,cellular,7,jul,643,3,-1,0,unknown,no
36,management,married,tertiary,no,495,no,no,cellular,11,sep,91,1,37,5,success,yes
33,management,married,tertiary,no,644,yes,yes,cellular,3,feb,124,2,271,2,failure,no
29,admin.,single,secondary,no,266,yes,no,cellular,6,may,540,1,-1,0,unknown,yes
53,technician,divorced,secondary,no,45,no,no,unknown,28,may,171,6,-1,0,unknown,no
38,blue-collar,married,secondary,no,67,no,no,cellular,28,jan,74,1,239,2,failure,no
32,admin.,single,secondary,no,45,yes,yes,cellular,14,may,908,3,344,7,other,no
42,blue-collar,married,primary,no,2103,yes,no,cellular,13,apr,384,2,-1,0,unknown,yes
32,admin.,married,tertiary,no,284,yes,no,cellular,29,apr,717,3,-1,0,unknown,yes
44,unemployed,married,tertiary,no,1151,yes,no,unknown,5,jun,127,2,-1,0,unknown,no
31,management,divorced,tertiary,no,-547,yes,yes,cellular,31,jul,101,10,-1,0,unknown,no
26,technician,single,secondary,no,639,yes,no,unknown,6,jun,709,5,-1,0,unknown,yes
65,entrepreneur,married,tertiary,no,2331,no,no,telephone,11,aug,425,1,183,2,success,yes
34,management,married,tertiary,no,16,yes,no,telephone,29,sep,316,1,119,1,other,yes
31,blue-collar,married,primary,no,-199,yes,yes,telephone,12,may,149,5,299,10,failure,no
78,retired,divorced,secondary,no,3417,no,no,cellular,12,may,309,1,181,1,success,yes
29,admin.,single,tertiary,no,41,yes,no,cellular,13,aug,148,2,-1,0,unknown,yes
42,blue-collar,married,unknown,no,452,yes,no,cellular,17,nov,359,2,-1,0,unknown,no
28,technician,single,secondary,no,1363,no,no,cellular,27,feb,79,1,-1,0,unknown,yes
24,technician,single,secondary,no,598,no,no,cellular,12,may,762,1,182,2,success,yes
55,services,married,unknown,no,2944,no,no,cellular,27,aug,672,6,-1,0,unknown,yes
33,admin.,married,secondary,no,82,yes,no,cellular,25,jul,735,1,-1,0,unknown,yes
29,admin.,married,secondary,no,-150,yes,no,unknown,6,may,328,1,-1,0,unknown,no
60,retired,divorced,tertiary,no,-134,no,no,cellular,12,may,243,1,271,4,failure,no
51,technician,married,secondary,no,564,no,yes,cellular,8,jul,187,2,-1,0,unknown,no
54,blue-collar,married,primary,no,1895,yes,no,cellular,17,apr,345,1,-1,0,unknown,no
53,blue-collar,married,primary,no,306,no,no,cellular,28,jul,388,3,181,1,success,yes
46,technician,divorced,secondary,no,1,yes,yes,unknown,26,may,200,3,-1,0,unknown,no
34,admin.,married,secondary,no,384,yes,no,cellular,14,may,551,2,-1,0,unknown,no
51,blue-collar,married,unknown,no,1432,no,no,cellular,9,jul,388,1,-1,0,unknown,no
35,management,married,tertiary,no,-547,yes,no,cellular,14,aug,101,2,-1,0,unknown,no
23,student,single,secondary,no,486,no,no,cellular,3,mar,87,1,-1,0,unknown,no
30,blue-collar,single,secondary,no,1165,yes,no,cellular,18,may,365,2,-1,0,unknown,no
45,management,single,tertiary,no,483,no,no,cellular,23,feb,95,2,265,11,other,yes
27,management,single,tertiary,no,107,no,no,cellular,18,oct,767,3,-1,0,unknown,yes
48,management,divorced,secondary,no,769,no,yes,cellular,28,jan,58,2,184,15,other,no
51,blue-collar,married,primary,no,201,yes,no,cellular,17,jul,582,2,-1,0,unknown,yes
55,technician,married,unknown,no,1393,yes,yes,telephone,21,nov,55,5,-1,0,unknown,no
40,services,married,primary,no,-9,yes,no,unknown,15,may,920,2,-1,0,unknown,yes
35,management,single,tertiary,no,3,yes,yes,cellular,6,feb,217,1,-1,0,unknown,no
60,management,married,tertiary,no,5041,no,no,telephone,4,nov,399,1,-1,0,unknown,yes
54,management,divorced,tertiary,no,12018,yes,no,cellular,21,dec,267,2,-1,0,unknown,yes
46,technician,married,secondary,no,792,no,no,unknown,5,jun,170,2,-1,0,unknown,no
72,retired,married,primary,no,3856,no,no,cellular,10,dec,582,4,115,1,other,yes
36,technician,divorced,secondary,no,160,yes,no,unknown,26,may,142,1,-1,0,unknown,no
41,blue-collar,married,secondary,no,2067,yes,no,unknown,20,jun,120,4,-1,0,unknown,no
38,blue-collar,married,secondary,no,-40,yes,no,unknown,23,may,227,1,-1,0,unknown,no
39,technician,divorced,secondary,no,902,yes,no,cellular,10,feb,691,2,180,5,failure,yes
27,admin.,married,tertiary,no,2855,no,no,cellular,25,jan,240,1,301,3,failure,yes
27,management,single,secondary,no,843,no,no,cellular,8,jan,187,1,-1,0,unknown,yes
35,self-employed,married,tertiary,no,2427,no,no,cellular,12,aug,175,3,31,10,success,yes
41,blue-collar,divorced,secondary,no,-104,yes,no,unknown,16,may,32,3,-1,0,unknown,no
36,management,married,tertiary,no,1352,no,no,unknown,19,jun,2028,1,-1,0,unknown,yes
58,blue-collar,married,primary,no,5188,yes,no,cellular,25,aug,606,6,-1,0,unknown,yes
40,technician,single,secondary,no,277,yes,no,unknown,14,may,274,2,-1,0,unknown,no
36,management,single,tertiary,no,2646,no,no,cellular,13,oct,169,1,182,10,success,yes
50,management,married,tertiary,no,67,no,yes,unknown,20,jun,156,3,-1,0,unknown,no
29,self-employed,married,secondary,no,123,no,yes,cellular,21,apr,158,2,181,1,success,yes
69,retired,married,primary,no,324,no,no,cellular,4,feb,136,4,-1,0,unknown,yes
51,blue-collar,married,primary,no,7098,no,no,cellular,6,aug,1471,7,-1,0,unknown,yes
85,retired,divorced,primary,no,7613,no,no,cellular,18,feb,355,3,-1,0,unknown,yes
55,technician,married,unknown,no,240,yes,no,cellular,2,aug,108,3,277,1,success,yes
34,admin.,married,tertiary,no,69,no,yes,cellular,25,nov,296,1,205,2,failure,yes
27,management,single,tertiary,no,703,yes,no,unknown,5,jun,590,3,-1,0,unknown,yes
36,services,married,secondary,no,380,yes,no,unknown,20,may,26,1,-1,0,unknown,no
47,technician,married,secondary,no,0,no,no,unknown,11,nov,74,1,-1,0,unknown,no
53,housemaid,married,primary,no,362,no,no,cellular,28,jul,1169,2,-1,0,unknown,yes
42,management,married,tertiary,no,441,no,no,cellular,7,aug,296,9,-1,0,unknown,no
28,blue-collar,married,primary,no,-55,yes,no,unknown,7,may,361,2,-1,0,unknown,no
39,admin.,married,secondary,no,0,no,no,cellular,27,jan,366,1,436,10,failure,yes
51,entrepreneur,divorced,tertiary,no,2109,no,no,cellular,12,apr,119,1,181,2,success,no
60,management,married,tertiary,no,2281,no,no,cellular,5,feb,230,2,-1,0,unknown,yes
33,technician,married,tertiary,no,8023,no,no,cellular,30,nov,107,1,105,3,failure,no
25,management,single,tertiary,no,943,no,no,cellular,30,apr,512,1,-1,0,unknown,yes
31,blue-collar,married,primary,no,-454,yes,yes,unknown,28,may,861,2,-1,0,unknown,no
54,admin.,married,primary,no,0,no,no,cellular,30,jul,255,2,-1,0,unknown,no
35,management,single,tertiary,no,7506,yes,no,unknown,30,oct,248,1,-1,0,unknown,yes
29,blue-collar,single,tertiary,no,455,no,no,telephone,21,apr,403,1,-1,0,unknown,yes
33,admin.,divorced,secondary,no,661,yes,no,cellular,4,may,90,4,167,3,failure,no
43,blue-collar,married,secondary,no,1311,yes,no,unknown,14,may,746,1,-1,0,unknown,no
32,technician,married,tertiary,no,4654,yes,yes,cellular,20,nov,276,1,128,2,failure,yes
61,self-employed,divorced,tertiary,no,52587,no,no,cellular,10,aug,290,1,-1,0,unknown,yes
41,technician,single,tertiary,no,145,no,no,cellular,22,jul,1833,2,-1,0,unknown,yes
30,blue-collar,single,secondary,no,5909,yes,no,cellular,18,may,420,2,-1,0,unknown,yes
56,blue-collar,married,primary,no,827,yes,no,telephone,15,may,462,4,-1,0,unknown,yes
28,management,married,tertiary,no,258,no,yes,cellular,17,apr,93,1,-1,0,unknown,no
41,housemaid,married,secondary,no,879,no,no,unknown,5,jun,1053,2,-1,0,unknown,yes
28,admin.,single,secondary,no,144,no,yes,cellular,8,jul,136,1,-1,0,unknown,no
54,technician,single,tertiary,no,467,yes,no,cellular,18,jul,674,3,-1,0,unknown,yes
44,blue-collar,married,tertiary,no,2185,yes,no,unknown,16,may,698,1,-1,0,unknown,no
43,admin.,single,secondary,no,-247,yes,yes,cellular,2,feb,751,2,76,4,failure,yes
31,technician,single,secondary,no,1970,no,no,telephone,17,apr,284,3,-1,0,unknown,no
70,retired,divorced,secondary,no,0,no,no,cellular,8,sep,206,1,-1,0,unknown,yes
42,blue-collar,married,primary,no,1461,yes,no,cellular,7,may,757,2,170,3,failure,yes
54,technician,married,secondary,no,-315,no,yes,cellular,10,jul,2029,1,-1,0,unknown,yes
52,blue-collar,married,secondary,no,7119,no,yes,telephone,20,nov,871,3,-1,0,unknown,yes
24,management,single,tertiary,no,507,no,no,cellular,3,jul,257,1,-1,0,unknown,yes
31,management,single,tertiary,no,0,no,no,cellular,25,aug,191,5,-1,0,unknown,no
60,management,divorced,secondary,no,0,no,no,cellular,5,aug,603,3,-1,0,unknown,yes
39,services,married,primary,no,324,yes,no,cellular,8,may,340,2,312,4,failure,no
39,services,single,secondary,no,91,no,no,cellular,3,sep,213,1,185,1,success,yes
55,management,married,primary,no,2587,no,no,cellular,4,sep,328,2,94,2,success,yes
54,management,divorced,tertiary,no,7010,no,no,cellular,11,mar,275,2,-1,0,unknown,no
41,blue-collar,single,secondary,no,3851,no,no,cellular,19,nov,130,1,-1,0,unknown,no
36,blue-collar,married,secondary,no,6699,yes,no,cellular,20,apr,201,3,-1,0,unknown,no
25,blue-collar,single,secondary,no,1857,yes,no,cellular,13,jul,195,2,91,10,success,yes
40,unemployed,married,secondary,no,3430,yes,no,cellular,20,nov,1855,3,-1,0,unknown,no
60,unknown,married,unknown,no,17297,no,no,cellular,26,aug,664,11,-1,0,unknown,yes
33,management,married,tertiary,no,1323,no,no,cellular,1,jun,327,1,-1,0,unknown,yes
27,student,single,tertiary,no,39,no,no,cellular,17,may,379,1,258,10,other,yes
52,blue-collar,married,primary,no,1624,no,no,unknown,20,jun,114,3,-1,0,unknown,no
50,unknown,married,primary,no,341,yes,yes,cellular,20,apr,670,4,340,2,success,yes
52,management,married,tertiary,no,1453,no,no,telephone,29,jul,254,21,-1,0,unknown,no
53,retired,married,secondary,no,4968,no,no,cellular,6,may,109,1,87,2,failure,no
30,technician,married,secondary,no,743,no,no,cellular,29,jan,142,2,-1,0,unknown,no
24,student,single,secondary,no,1123,no,no,cellular,13,jul,475,1,412,1,other,yes
33,technician,married,tertiary,no,4401,no,no,cellular,30,apr,439,1,-1,0,unknown,yes
32,technician,married,secondary,no,484,yes,no,cellular,15,feb,83,6,187,3,success,yes
47,management,married,tertiary,no,1057,no,no,cellular,4,aug,488,2,-1,0,unknown,no
35,management,married,tertiary,no,0,yes,no,cellular,11,feb,391,2,92,5,success,yes
54,admin.,divorced,secondary,no,1872,no,no,cellular,13,feb,439,5,-1,0,unknown,yes
52,blue-collar,married,secondary,no,408,no,no,cellular,29,jan,338,2,-1,0,unknown,no
53,admin.,divorced,secondary,no,0,yes,yes,cellular,6,aug,1452,1,98,2,failure,yes
33,admin.,single,secondary,no,1277,yes,no,cellular,18,may,827,1,-1,0,unknown,yes
31,management,married,tertiary,no,0,no,no,cellular,26,aug,76,2,-1,0,unknown,no
75,retired,married,tertiary,no,6027,no,no,cellular,16,nov,1248,2,94,2,failure,yes
41,technician,single,tertiary,no,1104,no,no,unknown,9,jun,352,1,-1,0,unknown,no
34,blue-collar,divorced,secondary,no,1125,yes,yes,cellular,19,nov,141,2,-1,0,unknown,no
41,admin.,married,secondary,no,683,no,yes,cellular,20,nov,77,1,-1,0,unknown,no
47,technician,married,tertiary,no,2408,no,no,cellular,30,apr,376,1,-1,0,unknown,yes
57,technician,married,secondary,no,6362,yes,yes,cellular,18,nov,66,1,-1,0,unknown,no
72,self-employed,married,tertiary,no,132,no,no,cellular,27,apr,444,1,-1,0,unknown,yes
77,retired,married,primary,no,1492,no,no,telephone,1,sep,663,1,208,2,other,no
42,management,married,primary,no,860,yes,no,unknown,15,may,90,3,-1,0,unknown,no
42,services,divorced,secondary,no,444,no,no,cellular,21,nov,171,1,-1,0,unknown,no
36,admin.,single,secondary,no,115,no,no,cellular,4,may,134,3,91,1,failure,no
38,admin.,married,secondary,no,1767,yes,no,cellular,12,nov,893,7,-1,0,unknown,yes
39,self-employed,married,tertiary,no,1047,no,no,unknown,6,jun,554,1,-1,0,unknown,yes
28,services,married,secondary,no,4,yes,no,unknown,27,jun,133,5,-1,0,unknown,no
60,retired,married,secondary,no,18967,yes,no,cellular,29,jan,177,2,-1,0,unknown,yes
20,student,single,secondary,no,502,no,no,cellular,30,apr,261,1,-1,0,unknown,yes
42,housemaid,married,unknown,no,302,yes,no,cellular,11,jul,342,2,-1,0,unknown,no
56,blue-collar,married,secondary,no,316,yes,no,unknown,19,may,27,1,-1,0,unknown,no
58,management,married,secondary,no,2155,no,yes,cellular,10,feb,135,2,92,5,success,yes
49,technician,married,secondary,no,905,no,no,cellular,5,jun,1543,1,-1,0,unknown,yes
42,services,divorced,secondary,no,83,no,no,cellular,13,may,300,5,358,6,failure,no
47,blue-collar,married,secondary,no,2775,no,no,unknown,14,may,262,1,-1,0,unknown,no
35,management,single,tertiary,no,331,no,no,cellular,14,aug,857,2,-1,0,unknown,yes
65,retired,married,secondary,no,571,yes,no,cellular,20,oct,349,1,183,2,success,yes
27,technician,married,tertiary,no,8,yes,yes,cellular,18,may,398,1,370,2,failure,no
57,entrepreneur,married,unknown,no,975,yes,yes,cellular,22,jul,236,4,-1,0,unknown,no
43,services,married,primary,no,2557,yes,no,telephone,15,oct,166,3,183,5,success,yes
60,blue-collar,married,primary,no,5,no,no,cellular,29,oct,401,1,-1,0,unknown,yes
47,technician,married,secondary,no,568,yes,no,telephone,14,jul,256,2,-1,0,unknown,no
30,management,married,tertiary,no,5381,no,no,cellular,17,nov,375,1,-1,0,unknown,no
57,management,married,tertiary,no,10583,no,no,cellular,22,jun,295,3,-1,0,unknown,yes
48,services,divorced,secondary,no,62,yes,no,cellular,8,may,561,1,-1,0,unknown,no
38,housemaid,divorced,tertiary,no,4312,no,no,cellular,15,may,67,4,175,6,failure,no
30,blue-collar,single,secondary,no,239,yes,no,unknown,23,may,785,1,-1,0,unknown,yes
27,services,single,secondary,no,504,yes,no,cellular,18,may,106,5,362,8,other,no
29,management,single,tertiary,no,92,no,no,cellular,2,mar,175,5,-1,0,unknown,yes
48,housemaid,single,primary,no,46,no,no,cellular,3,aug,113,2,180,1,failure,yes
31,management,single,secondary,no,202,yes,no,cellular,8,jul,167,1,62,1,failure,yes
46,technician,single,tertiary,no,4414,no,no,cellular,18,aug,504,7,-1,0,unknown,yes
36,management,single,tertiary,no,1373,yes,no,unknown,20,may,144,2,-1,0,unknown,no
33,technician,single,tertiary,no,469,no,no,cellular,26,aug,158,9,-1,0,unknown,no
42,management,single,tertiary,no,1146,yes,no,unknown,15,may,98,2,-1,0,unknown,no
60,retired,married,tertiary,no,3461,no,no,cellular,3,feb,128,2,-1,0,unknown,no
50,technician,married,secondary,no,1838,yes,yes,cellular,13,aug,221,8,-1,0,unknown,no
33,services,single,secondary,no,-27,yes,no,unknown,26,may,165,1,-1,0,unknown,no
32,blue-collar,married,primary,no,902,yes,no,unknown,27,may,106,2,-1,0,unknown,no
61,retired,married,secondary,no,77,no,no,cellular,6,aug,455,4,-1,0,unknown,yes
39,blue-collar,married,primary,no,118,no,no,cellular,3,feb,906,1,-1,0,unknown,yes
31,management,single,tertiary,no,2,no,no,cellular,8,aug,848,1,-1,0,unknown,yes
26,management,single,tertiary,no,7628,no,no,cellular,1,apr,263,1,-1,0,unknown,no
49,technician,married,secondary,no,12531,no,no,cellular,13,aug,77,8,-1,0,unknown,no
49,blue-collar,married,secondary,no,141,no,no,cellular,6,aug,275,1,-1,0,unknown,no
26,unemployed,single,secondary,no,461,no,no,cellular,28,jan,214,1,-1,0,unknown,no
45,admin.,married,secondary,no,805,yes,no,unknown,15,may,186,3,-1,0,unknown,no
42,self-employed,married,secondary,no,0,no,no,cellular,14,aug,277,4,-1,0,unknown,no
73,retired,married,tertiary,no,459,no,no,cellular,17,feb,281,1,-1,0,unknown,yes
45,admin.,married,tertiary,no,2552,no,no,cellular,1,jun,69,1,293,7,failure,yes
53,blue-collar,married,secondary,no,2,yes,no,unknown,16,may,851,2,-1,0,unknown,no
24,management,single,tertiary,no,736,yes,no,cellular,15,apr,442,2,246,2,other,yes
29,self-employed,single,tertiary,no,162,no,yes,cellular,25,jul,324,1,-1,0,unknown,no
26,unemployed,single,secondary,no,632,no,no,cellular,12,aug,312,3,181,1,success,yes
39,management,married,tertiary,no,351,yes,no,unknown,20,may,999,3,-1,0,unknown,no
31,management,single,tertiary,no,2983,yes,no,cellular,2,jul,153,1,-1,0,unknown,no
60,retired,married,tertiary,no,2196,no,no,cellular,15,jun,318,3,-1,0,unknown,no
45,services,single,secondary,no,482,yes,yes,unknown,30,may,637,2,-1,0,unknown,no
54,technician,married,secondary,no,1938,no,yes,cellular,28,jul,551,3,-1,0,unknown,yes
51,blue-collar,married,primary,no,-637,yes,yes,cellular,19,nov,233,2,-1,0,unknown,no
58,management,married,tertiary,no,0,no,no,cellular,14,sep,358,2,-1,0,unknown,yes
73,retired,married,primary,no,279,no,no,cellular,28,jan,399,3,-1,0,unknown,yes
24,technician,single,secondary,no,-126,yes,yes,unknown,13,may,382,2,-1,0,unknown,no
27,services,married,secondary,no,54,yes,no,cellular,18,may,97,1,370,1,failure,no
46,admin.,married,secondary,no,70,yes,no,cellular,27,mar,229,2,-1,0,unknown,yes
33,services,married,secondary,no,22,yes,no,unknown,5,may,71,1,-1,0,unknown,no
52,services,married,secondary,no,-336,no,yes,unknown,12,jun,111,8,-1,0,unknown,no
37,blue-collar,married,primary,no,1322,yes,no,cellular,21,nov,14,8,185,1,other,no
58,services,divorced,secondary,no,462,no,no,cellular,12,aug,332,1,-1,0,unknown,yes
57,blue-collar,married,unknown,no,3196,no,no,cellular,28,aug,161,4,-1,0,unknown,no
31,management,single,tertiary,no,9421,no,no,cellular,25,nov,372,1,-1,0,unknown,yes
34,unemployed,married,secondary,no,438,yes,yes,cellular,9,apr,272,1,323,1,failure,no
59,retired,married,secondary,no,1521,yes,yes,unknown,14,may,1125,2,-1,0,unknown,yes
31,blue-collar,single,secondary,no,23,no,no,cellular,21,nov,116,1,-1,0,unknown,no
35,management,single,tertiary,no,992,no,yes,cellular,1,sep,238,1,-1,0,unknown,yes
44,technician,divorced,secondary,no,314,yes,no,unknown,12,aug,18,1,651,1,success,no
44,admin.,married,secondary,no,764,yes,no,cellular,3,sep,232,1,213,1,failure,no
52,entrepreneur,single,tertiary,no,3469,yes,no,cellular,16,apr,583,1,147,1,success,yes
25,technician,married,secondary,no,-276,yes,no,unknown,4,jun,105,1,-1,0,unknown,no
54,blue-collar,married,unknown,no,-361,yes,no,unknown,26,may,227,1,-1,0,unknown,no
54,housemaid,married,secondary,no,962,yes,no,cellular,29,oct,288,3,-1,0,unknown,yes
72,retired,married,secondary,no,1129,no,no,cellular,25,nov,208,1,91,1,success,yes
51,management,married,tertiary,no,2455,yes,no,cellular,21,jul,553,1,-1,0,unknown,yes
39,management,single,tertiary,no,139,no,no,cellular,22,aug,109,2,-1,0,unknown,no
30,management,single,tertiary,no,364,no,no,cellular,30,apr,306,2,-1,0,unknown,yes
48,management,married,tertiary,yes,0,no,yes,cellular,9,feb,18,8,-1,0,unknown,no
28,management,single,tertiary,no,3796,no,no,cellular,8,jul,315,2,-1,0,unknown,yes
38,services,married,secondary,no,105,no,no,cellular,30,jul,244,2,-1,0,unknown,no
32,management,divorced,tertiary,no,222,no,yes,cellular,15,jul,820,4,-1,0,unknown,yes
50,housemaid,married,primary,no,4,no,no,unknown,16,jun,51,1,-1,0,unknown,no
52,management,married,tertiary,no,659,no,no,cellular,23,jul,517,4,-1,0,unknown,no
40,management,single,tertiary,no,3840,yes,no,cellular,24,sep,232,2,409,2,success,yes
34,technician,single,secondary,no,2729,yes,no,cellular,18,nov,835,1,-1,0,unknown,yes
48,entrepreneur,married,tertiary,yes,-392,no,no,cellular,31,jul,725,4,-1,0,unknown,yes
53,retired,married,primary,no,136,yes,no,unknown,6,may,267,2,-1,0,unknown,no
59,blue-collar,married,secondary,no,2605,no,no,cellular,30,jan,85,2,-1,0,unknown,no
32,blue-collar,married,primary,no,3136,yes,no,cellular,19,nov,820,1,-1,0,unknown,yes
55,technician,married,secondary,no,312,no,no,cellular,6,feb,13,8,9,3,other,no
39,blue-collar,married,primary,no,34,yes,no,unknown,27,may,114,1,-1,0,unknown,no
38,technician,single,secondary,no,1130,no,no,cellular,4,jun,96,2,98,1,success,yes
42,admin.,married,secondary,no,1133,yes,no,cellular,4,feb,161,4,212,3,failure,no
32,technician,single,tertiary,no,0,yes,yes,cellular,13,may,440,2,-1,0,unknown,yes
45,technician,single,tertiary,no,5336,no,no,unknown,28,may,99,2,-1,0,unknown,no
35,technician,married,tertiary,no,108,yes,no,cellular,31,jul,65,3,-1,0,unknown,no
54,technician,married,tertiary,no,876,no,no,cellular,27,oct,269,3,541,3,success,yes
33,unemployed,single,tertiary,no,6748,no,no,cellular,14,aug,1579,2,-1,0,unknown,yes
61,management,married,tertiary,no,997,no,no,cellular,22,jun,269,1,104,1,success,yes
27,blue-collar,single,secondary,yes,-27,no,no,unknown,23,jun,498,2,-1,0,unknown,yes
48,admin.,married,secondary,no,156,no,no,cellular,4,aug,291,1,-1,0,unknown,yes
39,management,married,primary,no,738,yes,yes,cellular,18,jul,215,3,-1,0,unknown,no
28,management,single,tertiary,no,9314,no,no,cellular,2,jul,276,2,-1,0,unknown,yes
61,self-employed,divorced,tertiary,no,52587,no,no,cellular,15,feb,394,3,189,1,success,yes
55,management,married,tertiary,no,154,no,no,telephone,11,may,70,2,367,3,failure,no
62,management,married,tertiary,no,557,no,no,cellular,14,aug,185,1,-1,0,unknown,yes
32,technician,single,tertiary,no,720,no,no,cellular,12,aug,234,4,-1,0,unknown,no
55,blue-collar,divorced,primary,no,8180,no,no,cellular,14,may,854,2,360,1,failure,yes
56,blue-collar,divorced,primary,no,3021,no,no,unknown,9,jun,419,2,-1,0,unknown,no
36,blue-collar,married,secondary,no,199,yes,no,cellular,9,jul,183,1,-1,0,unknown,no
86,retired,divorced,unknown,no,157,no,no,telephone,7,sep,147,1,-1,0,unknown,no
36,management,single,tertiary,no,2163,no,no,cellular,5,jun,317,1,-1,0,unknown,no
46,management,married,tertiary,no,460,no,no,cellular,28,jan,56,1,-1,0,unknown,no
30,student,single,tertiary,no,7529,no,no,cellular,19,oct,328,1,-1,0,unknown,yes
29,admin.,single,secondary,no,464,no,no,cellular,10,aug,317,2,518,1,failure,yes
59,entrepreneur,married,tertiary,no,1728,no,no,cellular,7,jul,575,2,-1,0,unknown,no
51,blue-collar,married,unknown,no,41,yes,no,telephone,9,jul,16,43,-1,0,unknown,no
52,blue-collar,married,secondary,no,1500,no,yes,unknown,20,jun,109,3,-1,0,unknown,no
71,retired,married,secondary,no,1712,no,no,cellular,11,feb,660,1,-1,0,unknown,yes
34,services,single,secondary,no,-374,yes,no,cellular,11,may,672,1,-1,0,unknown,yes
36,management,married,tertiary,no,3839,no,no,cellular,19,nov,146,1,-1,0,unknown,no
34,management,married,tertiary,no,0,yes,no,cellular,3,feb,251,1,-1,0,unknown,yes
51,services,married,primary,no,-553,yes,no,unknown,4,jun,149,8,-1,0,unknown,no
45,unknown,married,unknown,no,356,no,no,cellular,11,aug,212,2,-1,0,unknown,no
34,blue-collar,single,secondary,no,215,no,no,cellular,3,mar,350,3,-1,0,unknown,yes
47,self-employed,married,secondary,no,318,no,no,cellular,21,nov,83,1,-1,0,unknown,no
39,blue-collar,divorced,primary,yes,-294,yes,no,unknown,5,jun,181,2,-1,0,unknown,no
54,management,divorced,tertiary,no,5475,no,no,cellular,21,oct,1032,1,91,4,success,yes
42,unemployed,married,tertiary,no,576,no,no,cellular,27,feb,156,1,-1,0,unknown,yes
32,student,single,secondary,no,14,no,no,cellular,19,aug,144,3,136,1,other,no
33,management,married,tertiary,no,62,yes,no,cellular,2,feb,102,1,264,1,failure,no
52,blue-collar,divorced,primary,no,2800,no,no,unknown,19,jun,149,1,-1,0,unknown,no
34,blue-collar,single,secondary,no,186,no,no,cellular,2,feb,342,1,-1,0,unknown,no
53,management,married,tertiary,no,1356,yes,no,cellular,5,aug,397,2,93,2,failure,no
30,student,single,tertiary,no,2539,no,no,telephone,5,mar,199,5,-1,0,unknown,yes
33,self-employed,divorced,tertiary,no,454,no,yes,cellular,18,nov,134,1,-1,0,unknown,no
35,technician,married,secondary,no,1067,no,yes,cellular,12,aug,179,6,-1,0,unknown,no
42,entrepreneur,married,secondary,no,0,yes,no,cellular,9,apr,331,1,140,4,failure,yes
32,services,married,secondary,no,243,yes,yes,unknown,6,may,144,1,-1,0,unknown,no
31,management,married,tertiary,no,156,no,no,cellular,13,aug,657,7,-1,0,unknown,yes
37,blue-collar,married,primary,no,-196,yes,no,unknown,26,may,166,2,-1,0,unknown,no
29,blue-collar,single,primary,no,213,yes,no,unknown,6,jun,2653,3,-1,0,unknown,yes
38,admin.,divorced,secondary,no,0,yes,no,cellular,21,jul,93,1,-1,0,unknown,no
25,technician,single,tertiary,no,3411,no,no,cellular,19,aug,225,2,-1,0,unknown,yes
35,admin.,single,secondary,no,368,yes,no,unknown,16,may,218,3,-1,0,unknown,no
33,blue-collar,single,secondary,no,1794,yes,no,cellular,12,may,360,1,173,1,other,no
57,retired,married,primary,no,1532,no,no,telephone,6,feb,286,3,-1,0,unknown,no
32,admin.,single,secondary,no,555,yes,no,cellular,9,sep,344,1,-1,0,unknown,yes
27,student,single,tertiary,no,311,no,no,telephone,2,mar,187,3,322,1,other,yes
41,admin.,married,tertiary,no,1,yes,no,telephone,18,may,327,2,361,3,failure,yes
51,self-employed,married,secondary,no,4920,no,no,telephone,2,jun,392,2,-1,0,unknown,no
37,unemployed,married,secondary,no,1978,no,no,cellular,11,mar,335,1,-1,0,unknown,yes
72,retired,married,primary,no,763,no,no,cellular,24,apr,384,2,-1,0,unknown,yes
28,self-employed,married,secondary,no,123,no,yes,telephone,22,oct,313,1,-1,0,unknown,yes
35,self-employed,married,tertiary,no,2427,no,no,cellular,12,jul,210,3,158,7,other,yes
39,entrepreneur,married,secondary,no,0,no,no,cellular,21,nov,108,7,-1,0,unknown,no
50,technician,married,secondary,no,3176,no,no,cellular,7,aug,670,1,-1,0,unknown,yes
46,services,married,primary,no,4343,yes,no,unknown,20,sep,185,1,-1,0,unknown,yes
26,management,single,tertiary,no,3704,no,no,cellular,19,aug,238,4,-1,0,unknown,yes
24,blue-collar,single,secondary,no,476,yes,no,unknown,4,jun,161,1,-1,0,unknown,no
28,management,single,tertiary,no,187,no,no,cellular,9,mar,295,1,-1,0,unknown,yes
32,management,single,tertiary,no,819,yes,no,cellular,20,apr,114,2,-1,0,unknown,yes
44,services,married,secondary,no,0,yes,yes,cellular,11,may,161,1,-1,0,unknown,no
35,management,single,tertiary,no,123,yes,no,unknown,9,may,83,3,-1,0,unknown,no
64,retired,married,secondary,no,4787,no,no,cellular,28,apr,392,1,182,1,success,yes
34,management,single,tertiary,no,48,yes,no,cellular,12,aug,810,3,93,6,failure,yes
37,technician,married,secondary,yes,0,no,no,unknown,18,jun,236,1,-1,0,unknown,no
39,blue-collar,married,secondary,no,261,no,no,cellular,4,may,841,4,-1,0,unknown,yes
38,technician,married,tertiary,no,88,no,no,cellular,8,nov,282,2,186,4,success,yes
56,technician,married,secondary,no,1938,no,yes,cellular,26,feb,229,1,192,4,success,yes
36,management,married,tertiary,no,3770,yes,no,cellular,31,jul,150,4,-1,0,unknown,no
52,blue-collar,married,secondary,no,5275,no,yes,cellular,22,jul,1029,3,-1,0,unknown,no
39,management,married,tertiary,no,119,yes,no,cellular,1,sep,265,2,476,4,success,yes
59,retired,married,primary,no,1115,no,no,unknown,19,jun,834,1,-1,0,unknown,yes
51,retired,married,secondary,no,1435,no,no,unknown,11,jun,587,1,-1,0,unknown,yes
38,technician,married,secondary,no,318,no,no,cellular,5,aug,274,1,182,6,success,yes
36,blue-collar,single,secondary,no,478,yes,no,cellular,13,may,610,1,-1,0,unknown,yes
35,management,married,tertiary,no,4943,yes,no,cellular,18,nov,295,1,124,2,failure,no
32,blue-collar,divorced,secondary,no,880,yes,yes,unknown,4,jun,112,1,-1,0,unknown,no
37,admin.,married,secondary,no,10465,no,no,unknown,17,jun,144,6,-1,0,unknown,no
37,blue-collar,divorced,secondary,no,719,yes,no,cellular,13,may,118,1,365,1,failure,no
25,technician,single,tertiary,no,3630,no,no,telephone,9,jun,221,7,-1,0,unknown,yes
58,management,divorced,tertiary,no,5037,yes,no,cellular,18,nov,1437,2,-1,0,unknown,yes
60,retired,married,primary,no,1542,yes,no,unknown,14,may,930,1,-1,0,unknown,yes
51,services,divorced,secondary,no,9,no,no,unknown,18,jun,371,2,-1,0,unknown,yes
35,retired,single,primary,no,434,no,no,unknown,5,may,138,1,-1,0,unknown,no
30,management,single,tertiary,no,0,no,no,cellular,18,aug,124,3,-1,0,unknown,no
53,housemaid,married,primary,yes,945,no,no,cellular,29,jan,82,2,-1,0,unknown,no
28,admin.,single,secondary,no,1076,yes,no,unknown,2,jun,537,5,-1,0,unknown,no
27,services,married,secondary,no,0,yes,no,cellular,23,jul,198,13,-1,0,unknown,no
36,management,single,tertiary,no,490,no,no,cellular,28,aug,207,8,98,1,failure,yes
50,blue-collar,married,unknown,no,2284,yes,no,telephone,31,jul,1088,17,-1,0,unknown,yes
44,technician,married,tertiary,no,4580,yes,no,unknown,15,may,911,2,-1,0,unknown,yes
53,services,divorced,secondary,no,0,no,no,cellular,12,mar,80,2,-1,0,unknown,yes
34,self-employed,married,secondary,no,179,yes,yes,cellular,24,jul,137,4,-1,0,unknown,no
28,admin.,single,secondary,no,-126,no,yes,cellular,8,jul,360,4,-1,0,unknown,no
41,admin.,married,secondary,no,2498,no,no,cellular,12,aug,411,1,-1,0,unknown,yes
31,technician,married,tertiary,no,95,no,no,cellular,21,nov,48,6,-1,0,unknown,no
62,management,married,tertiary,no,0,no,no,cellular,3,sep,299,1,-1,0,unknown,yes
57,admin.,married,secondary,no,169,no,no,cellular,3,feb,369,1,-1,0,unknown,yes
35,management,divorced,tertiary,no,434,yes,no,cellular,13,aug,1314,2,-1,0,unknown,yes
37,management,single,tertiary,no,10269,yes,no,cellular,18,may,28,2,-1,0,unknown,no
31,technician,married,secondary,no,-360,yes,no,unknown,27,may,93,2,-1,0,unknown,no
53,services,married,secondary,no,341,no,no,cellular,30,apr,423,2,-1,0,unknown,yes
37,admin.,married,tertiary,no,3221,no,no,cellular,15,jun,379,2,376,13,other,yes
60,housemaid,married,primary,no,352,no,yes,unknown,17,jun,81,2,-1,0,unknown,no
33,technician,divorced,secondary,yes,6,no,no,cellular,22,aug,239,2,-1,0,unknown,no
54,retired,single,primary,no,767,no,no,unknown,9,jun,42,2,-1,0,unknown,no
55,admin.,married,secondary,no,512,no,no,cellular,18,aug,115,4,-1,0,unknown,no
33,blue-collar,married,primary,no,331,yes,no,unknown,30,may,139,3,-1,0,unknown,no
25,blue-collar,single,secondary,no,-191,yes,no,unknown,19,jun,958,7,-1,0,unknown,yes
42,housemaid,married,primary,yes,16,no,no,unknown,11,jun,79,1,-1,0,unknown,no
57,retired,married,tertiary,no,11254,no,no,cellular,30,jul,229,2,-1,0,unknown,no
28,management,single,tertiary,no,3238,yes,no,unknown,19,may,7,1,-1,0,unknown,no
45,services,married,primary,no,7811,no,no,unknown,16,jun,143,2,-1,0,unknown,no
58,self-employed,married,primary,no,1013,yes,no,cellular,11,aug,206,1,461,1,failure,yes
48,blue-collar,divorced,primary,no,24,yes,no,unknown,14,may,832,1,-1,0,unknown,yes
34,admin.,married,tertiary,no,788,yes,no,cellular,5,feb,269,1,-1,0,unknown,no
28,management,married,secondary,no,3,yes,no,cellular,14,sep,112,2,24,2,other,no
36,admin.,single,secondary,no,11174,yes,no,cellular,15,apr,953,1,-1,0,unknown,yes
31,services,married,secondary,no,428,yes,no,unknown,21,may,272,1,-1,0,unknown,no
27,admin.,single,secondary,no,3,yes,no,cellular,8,may,346,2,-1,0,unknown,no
51,management,married,tertiary,no,-321,no,no,cellular,6,feb,470,2,9,2,other,no
39,admin.,divorced,secondary,no,160,yes,no,cellular,5,aug,156,1,-1,0,unknown,no
36,blue-collar,single,secondary,no,219,yes,yes,cellular,11,may,270,2,347,1,failure,no
30,student,married,tertiary,no,324,no,no,cellular,25,aug,585,4,-1,0,unknown,no
30,admin.,married,secondary,no,1310,no,no,telephone,27,oct,3284,1,-1,0,unknown,no
57,technician,married,secondary,no,1753,yes,no,cellular,7,may,539,1,-1,0,unknown,no
41,housemaid,divorced,primary,no,22,yes,no,cellular,18,nov,238,3,126,4,other,no
38,management,single,tertiary,no,455,yes,no,cellular,19,feb,255,2,555,6,success,yes
43,services,married,secondary,no,774,no,no,cellular,24,jun,482,1,91,2,success,yes
36,blue-collar,married,secondary,no,222,yes,no,unknown,23,may,188,1,-1,0,unknown,no
30,self-employed,single,tertiary,no,3343,no,no,cellular,1,jun,235,1,-1,0,unknown,yes
40,admin.,married,secondary,no,4775,no,no,cellular,15,sep,215,1,-1,0,unknown,yes
59,retired,married,primary,no,5521,yes,yes,unknown,13,may,94,1,-1,0,unknown,no
41,technician,married,tertiary,no,231,no,no,cellular,26,aug,428,2,-1,0,unknown,yes
34,blue-collar,divorced,secondary,no,-131,yes,no,cellular,7,may,132,1,356,1,failure,no
34,blue-collar,married,unknown,no,391,yes,yes,unknown,23,may,34,2,-1,0,unknown,no
32,technician,single,secondary,no,483,no,no,cellular,8,aug,580,3,-1,0,unknown,yes
29,admin.,single,secondary,no,3794,no,no,cellular,30,apr,249,1,-1,0,unknown,no
52,management,married,primary,no,0,no,no,unknown,5,jun,85,3,-1,0,unknown,no
39,unemployed,married,primary,no,7005,yes,no,cellular,28,jul,429,2,184,3,success,yes
36,blue-collar,married,secondary,no,153,yes,no,cellular,8,may,263,1,171,2,failure,no
33,admin.,single,secondary,no,598,yes,no,unknown,28,may,189,1,-1,0,unknown,no
30,management,single,tertiary,no,136,yes,no,unknown,23,may,152,1,-1,0,unknown,no
23,student,single,secondary,no,4126,no,no,cellular,25,mar,96,2,-1,0,unknown,yes
44,technician,married,tertiary,no,1818,yes,yes,cellular,3,feb,508,1,92,4,failure,yes
57,technician,divorced,secondary,no,3043,no,no,cellular,14,aug,707,2,-1,0,unknown,yes
45,management,married,secondary,yes,237,yes,no,cellular,21,nov,526,1,-1,0,unknown,no
36,blue-collar,married,unknown,no,1023,yes,no,cellular,4,feb,184,2,-1,0,unknown,no
77,management,married,unknown,no,1780,yes,no,cellular,23,apr,361,2,182,5,success,yes
47,services,married,secondary,no,0,yes,no,cellular,9,jul,173,1,-1,0,unknown,no
57,admin.,divorced,secondary,no,0,no,no,cellular,9,sep,121,2,-1,0,unknown,no
55,management,married,tertiary,no,16786,no,no,cellular,18,nov,90,1,-1,0,unknown,no
37,blue-collar,married,unknown,no,1508,no,yes,unknown,6,jun,381,2,-1,0,unknown,yes
36,blue-collar,married,secondary,no,218,yes,no,cellular,4,may,619,6,-1,0,unknown,yes
57,technician,married,primary,no,0,no,no,unknown,5,jun,58,8,-1,0,unknown,no
41,blue-collar,married,secondary,no,196,yes,no,unknown,13,may,488,1,-1,0,unknown,no
34,management,married,tertiary,no,3301,yes,no,cellular,17,sep,164,5,92,6,success,yes
59,retired,divorced,secondary,no,93,no,no,unknown,26,may,193,2,-1,0,unknown,no
63,entrepreneur,married,secondary,no,3904,no,no,telephone,8,nov,360,1,96,4,success,yes
27,admin.,single,secondary,no,454,no,yes,cellular,15,jul,331,2,-1,0,unknown,no
26,services,married,secondary,no,-379,yes,yes,cellular,22,jul,1237,7,-1,0,unknown,yes
44,management,single,tertiary,yes,12,yes,no,cellular,19,nov,126,2,-1,0,unknown,no
28,technician,married,secondary,no,1086,yes,no,cellular,20,apr,1112,3,-1,0,unknown,yes
52,technician,married,secondary,no,0,no,no,cellular,2,jun,541,3,-1,0,unknown,yes
31,admin.,married,secondary,no,1130,yes,no,cellular,23,jul,236,5,-1,0,unknown,no
53,technician,married,secondary,no,8417,yes,no,unknown,14,may,435,1,-1,0,unknown,no
53,services,married,secondary,no,6170,no,no,cellular,13,aug,838,4,-1,0,unknown,yes
18,student,single,secondary,no,5,no,no,cellular,24,aug,143,2,-1,0,unknown,no
28,blue-collar,married,secondary,no,1137,no,no,cellular,6,feb,129,4,211,3,other,no
48,management,married,primary,no,1744,no,no,unknown,9,jun,181,1,-1,0,unknown,no
53,technician,married,secondary,no,287,no,no,telephone,6,feb,13,5,-1,0,unknown,no
30,blue-collar,married,secondary,no,378,yes,no,cellular,14,may,566,2,-1,0,unknown,yes
47,admin.,married,secondary,no,368,no,no,cellular,21,may,403,1,87,6,success,yes
45,entrepreneur,married,unknown,no,3133,yes,yes,cellular,10,jul,804,1,-1,0,unknown,yes
73,retired,married,tertiary,no,1843,no,no,cellular,11,sep,106,2,-1,0,unknown,yes
49,services,married,secondary,no,7019,yes,no,cellular,2,jun,263,1,368,3,failure,yes
82,retired,married,unknown,no,211,no,no,telephone,22,apr,195,3,-1,0,unknown,no
25,blue-collar,single,secondary,no,76,no,yes,cellular,28,jul,50,4,-1,0,unknown,no
77,retired,married,secondary,no,2123,no,no,telephone,4,feb,141,4,-1,0,unknown,no
34,technician,married,secondary,no,2019,yes,yes,unknown,27,jun,102,1,-1,0,unknown,no
46,management,married,secondary,no,21,yes,no,cellular,7,may,124,1,338,2,failure,no
43,unemployed,married,primary,no,9,yes,yes,cellular,6,may,472,1,-1,0,unknown,no
60,retired,divorced,secondary,no,514,no,no,cellular,16,mar,263,1,124,9,other,yes
33,services,divorced,unknown,no,392,yes,no,cellular,15,jul,753,4,-1,0,unknown,no
25,management,single,tertiary,no,362,no,no,cellular,3,jun,617,2,-1,0,unknown,yes
43,admin.,married,secondary,no,315,no,no,cellular,23,jul,129,2,-1,0,unknown,no
27,student,single,tertiary,no,13107,yes,no,cellular,6,apr,661,1,314,2,failure,yes
32,management,single,tertiary,no,623,no,no,cellular,6,jul,335,3,194,2,failure,yes
40,services,single,secondary,no,1547,yes,no,cellular,20,nov,405,1,-1,0,unknown,yes
47,retired,single,primary,no,3033,no,no,cellular,8,sep,293,1,-1,0,unknown,yes
61,management,married,tertiary,no,0,no,no,cellular,16,oct,136,2,-1,0,unknown,yes
55,management,divorced,tertiary,no,8044,yes,no,cellular,11,may,175,5,333,19,other,no
45,blue-collar,married,secondary,no,87,yes,no,cellular,14,may,96,1,360,3,failure,no
47,management,single,tertiary,no,255,no,yes,cellular,30,jul,802,4,-1,0,unknown,yes
43,admin.,married,secondary,no,59,yes,no,cellular,15,jul,60,3,-1,0,unknown,no
59,retired,married,tertiary,no,1296,no,no,cellular,11,aug,862,11,-1,0,unknown,no
48,management,married,tertiary,no,0,no,yes,cellular,19,feb,204,4,182,1,success,yes
51,unemployed,married,primary,no,1162,yes,no,cellular,25,jul,2015,1,-1,0,unknown,yes
61,management,married,secondary,no,985,no,no,cellular,18,aug,998,6,-1,0,unknown,yes
36,technician,single,secondary,no,-15,yes,no,unknown,6,may,341,3,-1,0,unknown,no
54,retired,divorced,primary,no,52,no,no,unknown,19,jun,184,3,-1,0,unknown,no
30,blue-collar,married,secondary,no,177,yes,no,cellular,9,apr,62,2,332,3,failure,no
40,services,married,secondary,no,3164,yes,no,cellular,3,apr,329,2,-1,0,unknown,no
40,technician,single,tertiary,no,1646,yes,no,cellular,4,may,392,2,91,3,success,yes
47,blue-collar,married,secondary,no,1388,yes,no,cellular,17,apr,119,2,-1,0,unknown,no
58,technician,married,secondary,no,589,yes,no,cellular,10,feb,511,3,183,6,success,yes
34,blue-collar,married,primary,no,218,yes,yes,unknown,21,may,260,1,-1,0,unknown,no
26,admin.,single,tertiary,no,2532,yes,yes,cellular,18,feb,269,1,-1,0,unknown,yes
30,admin.,married,tertiary,no,285,no,no,cellular,5,feb,693,2,-1,0,unknown,no
28,services,single,secondary,no,3331,yes,no,unknown,28,may,229,2,-1,0,unknown,no
47,management,married,tertiary,no,2351,no,no,cellular,10,mar,80,1,-1,0,unknown,yes
63,management,married,unknown,no,2352,no,no,telephone,4,may,475,7,-1,0,unknown,yes
49,services,divorced,secondary,no,0,no,no,cellular,28,jul,412,2,-1,0,unknown,yes
54,management,divorced,tertiary,no,487,yes,no,unknown,21,may,828,4,-1,0,unknown,yes
32,management,single,tertiary,no,316,yes,no,cellular,29,jan,215,3,-1,0,unknown,no
37,management,married,tertiary,no,5016,no,no,cellular,8,aug,119,1,-1,0,unknown,no
39,blue-collar,divorced,secondary,no,33,no,no,cellular,29,jan,593,4,-1,0,unknown,no
25,admin.,single,secondary,no,1871,no,no,cellular,4,jun,136,1,-1,0,unknown,yes
34,blue-collar,married,secondary,no,4622,yes,yes,unknown,20,may,217,1,-1,0,unknown,no
58,retired,single,primary,no,6570,no,no,cellular,21,jul,106,3,-1,0,unknown,no
30,technician,married,tertiary,no,569,no,no,cellular,27,aug,976,12,-1,0,unknown,yes
60,admin.,single,secondary,no,473,no,no,cellular,5,feb,175,2,8,1,other,no
41,management,divorced,tertiary,no,3426,no,no,cellular,4,jun,102,2,297,3,failure,yes
56,unemployed,married,secondary,no,12,no,no,cellular,12,oct,511,3,187,1,failure,yes
33,services,married,secondary,no,703,no,no,cellular,18,nov,160,2,-1,0,unknown,no
38,management,divorced,tertiary,no,162,no,no,cellular,25,aug,323,4,-1,0,unknown,no
38,services,married,secondary,no,0,no,yes,cellular,16,jul,1473,6,-1,0,unknown,no
41,services,married,secondary,no,3992,yes,no,telephone,20,nov,281,2,-1,0,unknown,no
43,housemaid,married,secondary,no,-177,yes,no,unknown,21,may,172,2,-1,0,unknown,no
50,self-employed,married,tertiary,no,1503,no,no,cellular,27,aug,128,12,-1,0,unknown,no
43,admin.,married,secondary,no,323,yes,yes,cellular,12,may,43,3,369,2,failure,no
34,management,single,tertiary,no,0,yes,yes,cellular,26,may,197,2,98,1,other,no
40,management,married,tertiary,no,413,yes,no,unknown,14,may,150,1,-1,0,unknown,no
18,student,single,primary,no,608,no,no,cellular,12,aug,267,1,-1,0,unknown,yes
37,management,single,tertiary,no,1027,yes,no,cellular,2,mar,313,1,152,2,success,yes
59,management,married,tertiary,no,7049,no,no,cellular,21,nov,530,1,163,2,failure,yes
33,blue-collar,married,secondary,no,370,yes,no,cellular,8,apr,249,1,-1,0,unknown,no
35,blue-collar,single,primary,no,-759,yes,no,cellular,31,jul,142,2,-1,0,unknown,no
33,management,married,tertiary,no,2071,no,no,cellular,8,aug,106,2,-1,0,unknown,no
38,technician,single,tertiary,no,25,yes,no,cellular,1,jun,232,2,-1,0,unknown,yes
30,blue-collar,single,secondary,no,132,yes,no,unknown,16,may,329,1,-1,0,unknown,no
77,unknown,married,unknown,no,397,no,no,telephone,7,may,300,3,-1,0,unknown,yes
25,services,single,unknown,no,2022,no,no,cellular,29,jul,276,8,97,12,other,yes
36,management,married,tertiary,no,2161,no,no,cellular,8,sep,708,2,183,5,success,yes
63,housemaid,married,primary,no,333,no,no,telephone,1,oct,321,1,-1,0,unknown,no
42,technician,married,tertiary,no,-215,no,no,unknown,20,jun,1573,5,-1,0,unknown,yes
29,housemaid,single,tertiary,no,19,no,no,cellular,4,may,268,1,88,4,success,yes
51,retired,married,primary,no,610,no,no,unknown,9,jun,86,2,-1,0,unknown,no
33,services,married,secondary,no,1697,no,no,cellular,4,may,489,1,182,1,success,yes
59,technician,married,secondary,no,1,no,no,cellular,15,apr,159,2,378,3,failure,yes
53,blue-collar,married,secondary,no,-76,no,no,cellular,29,jan,173,1,164,4,other,no
30,self-employed,married,tertiary,no,2666,no,no,cellular,4,may,781,3,89,1,success,yes
55,unemployed,divorced,secondary,no,387,yes,no,unknown,6,may,918,1,-1,0,unknown,yes
52,admin.,married,secondary,no,484,yes,no,unknown,6,may,128,1,-1,0,unknown,no
51,housemaid,married,primary,no,618,yes,yes,cellular,4,feb,69,1,-1,0,unknown,no
26,management,single,tertiary,no,155,yes,no,cellular,27,may,74,4,43,5,other,no
42,services,married,primary,no,473,yes,no,cellular,30,jan,54,1,-1,0,unknown,no
36,services,married,secondary,no,0,no,no,cellular,30,jul,843,2,-1,0,unknown,yes
39,blue-collar,married,primary,no,275,yes,no,unknown,16,jun,189,2,-1,0,unknown,no
63,housemaid,married,primary,no,91,no,no,telephone,26,aug,128,3,-1,0,unknown,yes
46,blue-collar,married,secondary,no,1144,yes,no,cellular,8,feb,376,2,129,3,other,yes
58,entrepreneur,married,secondary,no,496,no,no,cellular,22,apr,132,1,-1,0,unknown,yes
37,management,married,tertiary,no,789,yes,yes,cellular,11,aug,93,1,190,2,other,no
48,management,married,tertiary,no,494,no,no,cellular,29,aug,81,8,-1,0,unknown,no
29,blue-collar,married,primary,no,-235,yes,no,cellular,22,jul,189,1,-1,0,unknown,no
45,blue-collar,divorced,primary,no,-207,no,no,cellular,15,jul,878,2,-1,0,unknown,yes
34,blue-collar,married,primary,no,479,no,no,cellular,11,jul,772,1,-1,0,unknown,no
60,technician,married,secondary,no,824,yes,no,cellular,9,aug,265,1,181,8,success,yes
40,entrepreneur,married,secondary,no,1238,yes,no,telephone,21,jul,50,2,-1,0,unknown,no
43,unemployed,single,tertiary,no,983,yes,no,cellular,26,feb,97,1,-1,0,unknown,yes
31,technician,single,tertiary,no,1166,yes,no,unknown,3,jun,207,1,-1,0,unknown,no
49,services,married,primary,no,0,yes,no,cellular,6,may,445,2,166,3,failure,yes
34,housemaid,married,primary,no,87,yes,no,unknown,15,may,139,2,-1,0,unknown,no
42,services,married,secondary,no,508,yes,no,unknown,30,may,70,1,-1,0,unknown,no
35,management,married,tertiary,no,-196,yes,no,cellular,22,jul,216,2,-1,0,unknown,no
35,services,single,secondary,no,1239,yes,no,cellular,5,may,60,2,347,1,failure,no
31,management,married,tertiary,no,607,no,no,cellular,27,aug,200,5,-1,0,unknown,no
51,management,married,tertiary,no,3463,no,yes,cellular,13,jul,371,2,166,3,other,yes
54,management,divorced,tertiary,no,-449,yes,no,cellular,14,may,691,1,-1,0,unknown,yes
33,technician,married,tertiary,no,2976,yes,no,cellular,9,nov,465,2,95,12,other,no
37,technician,single,secondary,no,1130,no,no,cellular,26,feb,152,1,-1,0,unknown,yes
38,self-employed,single,tertiary,no,5774,yes,no,cellular,15,may,406,4,359,5,other,yes
59,management,married,tertiary,no,2764,no,no,cellular,18,feb,459,1,56,3,failure,no
44,unemployed,married,primary,no,97,yes,no,unknown,5,jun,105,3,-1,0,unknown,no
54,technician,divorced,secondary,no,136,no,yes,cellular,10,jul,151,4,-1,0,unknown,no
31,unemployed,single,secondary,no,315,no,no,cellular,30,jan,130,1,2,1,other,no
27,management,married,secondary,no,2071,no,no,cellular,4,jun,449,1,-1,0,unknown,yes
46,blue-collar,married,secondary,no,1723,no,no,cellular,17,jun,176,2,52,7,failure,yes
59,retired,married,secondary,no,6888,no,no,telephone,20,nov,1025,2,-1,0,unknown,yes
31,services,single,secondary,no,181,no,no,cellular,13,nov,239,2,93,2,success,yes
38,admin.,married,secondary,no,0,yes,yes,cellular,17,apr,547,2,-1,0,unknown,yes
25,management,married,primary,no,168,yes,no,unknown,3,jun,801,1,-1,0,unknown,yes
44,blue-collar,married,secondary,no,879,yes,no,cellular,3,apr,383,1,-1,0,unknown,no
59,self-employed,married,tertiary,no,2013,no,no,cellular,19,feb,222,4,94,2,success,yes
45,technician,married,secondary,no,6993,yes,no,cellular,20,nov,283,1,-1,0,unknown,yes
54,admin.,married,secondary,no,1633,no,no,cellular,3,jul,409,2,-1,0,unknown,yes
30,admin.,married,secondary,no,521,yes,no,cellular,19,nov,648,1,-1,0,unknown,no
35,admin.,married,secondary,no,-257,no,no,cellular,28,jan,117,3,-1,0,unknown,no
45,blue-collar,married,unknown,no,-320,yes,no,unknown,28,may,204,3,-1,0,unknown,no
42,services,single,unknown,no,974,no,no,cellular,30,jul,73,2,-1,0,unknown,no
35,admin.,married,secondary,no,1345,yes,no,cellular,23,jul,135,1,-1,0,unknown,no
55,housemaid,divorced,primary,no,77,no,no,cellular,31,jul,463,6,-1,0,unknown,yes
39,technician,single,secondary,no,391,no,yes,cellular,30,jul,962,4,-1,0,unknown,yes
44,management,married,tertiary,no,4119,yes,yes,telephone,21,nov,1074,1,-1,0,unknown,yes
43,technician,single,secondary,no,34,no,no,telephone,30,jul,29,1,-1,0,unknown,no
42,admin.,divorced,secondary,no,527,no,yes,cellular,22,oct,181,1,185,1,success,yes
41,technician,married,secondary,no,2490,yes,no,unknown,21,may,115,2,-1,0,unknown,no
55,technician,divorced,tertiary,no,0,no,no,cellular,17,nov,134,2,91,1,success,yes
51,blue-collar,married,tertiary,no,2404,yes,no,telephone,20,nov,30,1,-1,0,unknown,no
31,management,single,tertiary,no,471,no,no,cellular,29,aug,153,2,-1,0,unknown,no
33,entrepreneur,divorced,tertiary,no,37,no,yes,cellular,8,jul,1082,1,-1,0,unknown,yes
42,blue-collar,married,primary,no,480,yes,no,unknown,6,jun,288,12,-1,0,unknown,no
49,entrepreneur,married,tertiary,no,313,yes,no,cellular,17,nov,42,2,188,2,failure,no
44,management,married,tertiary,no,1138,no,no,cellular,27,aug,523,3,-1,0,unknown,yes
56,technician,divorced,secondary,no,1561,no,no,cellular,13,aug,75,1,-1,0,unknown,no
33,management,married,tertiary,no,5878,no,no,cellular,23,oct,438,1,430,2,failure,yes
30,blue-collar,single,secondary,no,49,no,no,cellular,30,jan,808,2,-1,0,unknown,yes
37,blue-collar,divorced,secondary,no,614,yes,no,unknown,20,may,185,1,-1,0,unknown,no
42,technician,divorced,secondary,no,314,yes,no,unknown,30,oct,234,1,-1,0,unknown,yes
33,housemaid,single,tertiary,no,1107,yes,no,cellular,18,mar,201,1,-1,0,unknown,yes
32,technician,single,secondary,no,29,no,no,cellular,19,aug,156,2,-1,0,unknown,no
31,technician,married,tertiary,no,120,no,no,cellular,8,aug,1000,1,-1,0,unknown,yes
55,management,married,unknown,no,1504,yes,no,cellular,22,may,338,2,-1,0,unknown,yes
39,management,single,tertiary,no,0,yes,no,cellular,22,may,271,1,93,3,success,yes
31,management,single,tertiary,no,12857,yes,no,cellular,6,feb,158,1,92,1,success,yes
31,technician,married,secondary,no,106,yes,no,unknown,13,may,101,13,-1,0,unknown,no
34,management,married,tertiary,no,13,yes,no,cellular,30,jul,99,3,-1,0,unknown,no
27,management,single,secondary,no,145,yes,no,cellular,5,may,121,4,89,3,failure,no
52,retired,married,unknown,no,293,no,no,unknown,11,jun,706,1,-1,0,unknown,yes
44,self-employed,married,tertiary,no,1196,no,no,cellular,20,aug,552,5,-1,0,unknown,yes
35,management,single,tertiary,no,671,yes,no,cellular,10,mar,112,1,-1,0,unknown,yes
37,admin.,married,secondary,no,641,yes,no,unknown,5,jun,42,1,-1,0,unknown,no
44,management,married,tertiary,no,17361,no,no,unknown,18,jun,476,1,-1,0,unknown,no
42,management,single,tertiary,no,525,no,no,cellular,13,aug,127,2,-1,0,unknown,no
52,admin.,married,secondary,no,423,yes,yes,cellular,20,oct,139,2,96,7,failure,no
37,blue-collar,married,primary,no,2120,yes,no,cellular,15,may,655,3,175,4,failure,yes
46,unknown,married,unknown,no,2911,no,no,telephone,7,jul,41,9,-1,0,unknown,no
42,blue-collar,married,primary,no,170,yes,no,unknown,19,may,51,41,-1,0,unknown,no
35,admin.,married,secondary,no,11,yes,no,cellular,23,jul,103,4,-1,0,unknown,no
44,services,married,secondary,no,1450,yes,no,cellular,14,apr,356,1,314,2,failure,no
28,admin.,single,secondary,no,127,no,no,cellular,16,sep,1334,2,-1,0,unknown,yes
51,technician,married,secondary,no,117,no,no,cellular,24,aug,467,2,88,4,other,yes
58,retired,married,unknown,no,9004,no,no,cellular,21,jul,891,4,-1,0,unknown,yes
29,self-employed,married,secondary,no,123,no,yes,cellular,22,oct,247,1,184,3,success,yes
41,services,married,primary,no,450,yes,no,unknown,14,may,374,2,-1,0,unknown,no
33,self-employed,single,tertiary,no,658,yes,no,cellular,12,apr,93,1,173,2,success,no
53,admin.,married,secondary,no,10541,no,no,cellular,9,feb,164,2,92,1,success,yes
35,entrepreneur,married,secondary,no,1309,yes,no,cellular,18,nov,73,3,-1,0,unknown,no
28,blue-collar,single,secondary,no,1106,yes,no,cellular,17,apr,73,2,-1,0,unknown,no
75,retired,married,tertiary,no,6027,no,no,cellular,14,may,809,1,179,4,success,yes
41,self-employed,single,tertiary,no,3950,yes,no,unknown,30,may,96,2,-1,0,unknown,no
41,management,single,tertiary,no,1982,no,no,cellular,21,nov,558,1,-1,0,unknown,yes
34,admin.,divorced,secondary,no,0,yes,no,cellular,6,may,153,1,-1,0,unknown,no
43,management,divorced,tertiary,no,3578,no,no,cellular,29,jan,376,2,-1,0,unknown,no
33,unemployed,married,secondary,no,438,yes,yes,unknown,21,may,129,1,-1,0,unknown,no
47,management,married,primary,no,2793,yes,no,telephone,25,jul,102,4,-1,0,unknown,no
35,services,married,secondary,no,128,yes,no,cellular,12,may,136,1,-1,0,unknown,no
54,management,married,primary,no,366,yes,no,unknown,15,may,589,1,-1,0,unknown,no
32,housemaid,married,primary,no,-184,yes,no,cellular,6,feb,129,2,197,1,failure,no
34,blue-collar,married,primary,no,267,yes,no,unknown,7,may,362,1,-1,0,unknown,no
30,admin.,married,secondary,no,350,no,yes,cellular,9,jul,171,5,-1,0,unknown,no
54,housemaid,married,tertiary,no,2473,no,no,cellular,5,mar,607,2,-1,0,unknown,yes
31,technician,married,tertiary,no,26,no,yes,cellular,18,nov,419,1,127,6,other,yes
57,admin.,married,unknown,no,1401,no,no,cellular,21,aug,91,22,-1,0,unknown,no
44,management,married,secondary,no,488,no,yes,cellular,29,jan,138,2,183,11,failure,no
67,retired,married,secondary,no,203,no,no,cellular,11,oct,405,1,266,2,success,yes
46,housemaid,divorced,primary,no,2084,yes,no,cellular,18,jul,1081,2,-1,0,unknown,yes
31,admin.,single,secondary,no,19,yes,no,cellular,18,nov,1978,1,-1,0,unknown,yes
48,housemaid,married,secondary,no,0,no,no,cellular,28,may,270,5,-1,0,unknown,yes
66,management,married,unknown,no,2149,yes,no,cellular,26,may,135,2,90,11,success,yes
55,blue-collar,married,secondary,no,93,no,yes,cellular,28,jan,111,1,-1,0,unknown,no
49,blue-collar,married,primary,no,399,no,no,cellular,29,jan,679,1,-1,0,unknown,no
38,admin.,single,unknown,no,446,yes,no,unknown,13,may,386,1,-1,0,unknown,no
55,retired,married,primary,no,1821,no,no,cellular,8,aug,224,2,-1,0,unknown,no
37,unemployed,married,secondary,no,4969,yes,no,cellular,6,may,169,1,-1,0,unknown,no
35,technician,single,secondary,no,-54,yes,no,unknown,30,may,70,2,-1,0,unknown,no
46,admin.,married,secondary,no,5021,no,no,cellular,15,jul,957,1,182,1,success,yes
39,blue-collar,married,secondary,no,5222,yes,no,cellular,21,nov,239,2,177,1,failure,no
27,technician,single,tertiary,no,11862,no,no,cellular,25,nov,285,2,97,7,success,yes
55,services,married,secondary,no,244,yes,no,cellular,8,may,171,1,-1,0,unknown,no
43,blue-collar,married,secondary,no,184,no,yes,cellular,16,jul,1019,11,-1,0,unknown,yes
29,technician,single,secondary,no,1612,yes,no,unknown,26,may,375,2,-1,0,unknown,no
43,management,single,tertiary,no,0,no,no,cellular,11,aug,155,2,-1,0,unknown,no
36,admin.,single,secondary,no,1328,no,no,cellular,30,jul,69,9,-1,0,unknown,no
64,unemployed,divorced,secondary,no,588,no,no,cellular,8,mar,409,1,-1,0,unknown,yes
19,student,single,secondary,no,329,no,no,cellular,30,apr,169,1,190,2,success,yes
28,management,married,secondary,no,292,yes,no,unknown,28,may,507,1,-1,0,unknown,yes
33,technician,married,secondary,no,256,yes,no,cellular,18,nov,76,1,-1,0,unknown,no
48,technician,married,secondary,no,-938,yes,no,cellular,7,may,134,1,344,2,failure,no
31,technician,married,secondary,no,180,no,no,cellular,17,mar,299,2,-1,0,unknown,yes
60,retired,married,primary,no,6307,yes,no,unknown,11,jun,362,1,-1,0,unknown,no
29,management,married,tertiary,no,0,yes,no,telephone,15,jul,91,2,-1,0,unknown,no
52,housemaid,married,primary,no,3283,no,no,unknown,11,jun,553,1,-1,0,unknown,no
53,self-employed,married,secondary,no,248,no,yes,cellular,17,nov,99,1,126,3,failure,no
46,technician,married,unknown,no,3308,no,no,cellular,27,oct,171,1,91,2,success,yes
43,management,married,tertiary,no,2640,no,no,cellular,21,nov,314,4,-1,0,unknown,yes
25,technician,married,tertiary,no,2551,no,no,cellular,28,dec,400,3,-1,0,unknown,yes
35,self-employed,married,secondary,no,188,yes,yes,unknown,5,jun,1865,2,-1,0,unknown,yes
51,services,married,secondary,no,122,no,yes,cellular,6,aug,499,2,-1,0,unknown,no
31,unknown,married,secondary,no,3,no,no,cellular,20,jul,91,2,-1,0,unknown,no
41,self-employed,married,secondary,no,1,no,no,cellular,19,aug,55,4,-1,0,unknown,no
35,blue-collar,single,secondary,no,0,yes,no,cellular,9,feb,226,3,280,1,other,no
40,technician,married,secondary,no,40,yes,no,cellular,21,nov,73,1,-1,0,unknown,no
57,management,married,tertiary,no,473,no,no,cellular,1,jun,295,1,-1,0,unknown,yes
52,management,married,tertiary,no,1227,no,no,cellular,22,aug,1123,4,-1,0,unknown,yes
30,management,single,tertiary,no,-218,yes,no,cellular,27,aug,13,15,-1,0,unknown,no
45,management,married,tertiary,no,904,yes,yes,unknown,20,jun,14,9,-1,0,unknown,no
35,self-employed,married,secondary,no,524,yes,no,cellular,21,nov,484,4,-1,0,unknown,no
38,blue-collar,single,unknown,no,495,yes,no,unknown,8,may,297,1,-1,0,unknown,no
35,management,single,tertiary,no,0,no,no,cellular,18,aug,276,5,-1,0,unknown,no
46,technician,divorced,secondary,no,111,yes,no,cellular,19,nov,178,3,183,2,other,no
35,blue-collar,married,secondary,no,2054,yes,no,unknown,20,may,447,1,-1,0,unknown,no
61,self-employed,divorced,tertiary,no,6,yes,no,cellular,13,oct,210,1,182,2,success,yes
41,management,divorced,secondary,no,0,no,no,cellular,6,aug,438,2,-1,0,unknown,no
36,management,divorced,secondary,no,1655,yes,no,cellular,18,nov,155,2,-1,0,unknown,no
33,management,married,tertiary,no,133,yes,no,unknown,26,may,308,4,-1,0,unknown,no
54,blue-collar,married,secondary,no,548,no,no,cellular,18,aug,520,7,-1,0,unknown,yes
41,blue-collar,married,secondary,no,2039,yes,no,cellular,8,may,729,1,-1,0,unknown,yes
43,blue-collar,married,primary,no,377,no,yes,unknown,20,jun,11,5,-1,0,unknown,no
39,blue-collar,married,secondary,no,94,yes,yes,cellular,19,nov,181,1,-1,0,unknown,no
41,management,married,secondary,no,280,yes,no,cellular,2,jun,88,1,95,2,success,no
42,blue-collar,divorced,primary,no,213,yes,no,cellular,7,jul,434,3,-1,0,unknown,yes
33,technician,single,secondary,no,1429,yes,no,cellular,31,aug,268,8,-1,0,unknown,yes
34,management,married,tertiary,no,39,no,no,cellular,13,aug,160,1,-1,0,unknown,no
36,management,married,tertiary,no,659,no,no,cellular,28,aug,90,13,-1,0,unknown,no
51,technician,married,secondary,no,2,yes,yes,cellular,4,feb,71,1,205,3,failure,no
46,management,divorced,tertiary,no,1329,no,no,cellular,3,jul,247,2,-1,0,unknown,yes
42,housemaid,married,primary,no,-209,no,yes,cellular,11,aug,90,2,-1,0,unknown,no
29,blue-collar,married,secondary,no,0,no,no,cellular,10,jul,45,1,-1,0,unknown,no
69,retired,married,unknown,no,426,no,no,telephone,9,mar,225,1,90,1,success,yes
49,technician,married,secondary,no,2400,no,no,cellular,21,oct,262,3,-1,0,unknown,no
38,housemaid,divorced,secondary,no,70,no,no,cellular,27,oct,255,3,148,1,success,yes
30,admin.,single,secondary,no,154,yes,no,cellular,21,nov,24,2,-1,0,unknown,no
45,admin.,married,secondary,no,25,yes,no,unknown,28,may,82,4,-1,0,unknown,no
46,admin.,divorced,secondary,no,2087,no,no,cellular,1,jun,111,1,119,4,other,no
27,services,single,secondary,no,2457,yes,no,unknown,29,may,123,4,-1,0,unknown,no
28,management,single,secondary,no,-994,yes,yes,cellular,18,jul,174,2,-1,0,unknown,no
40,technician,married,secondary,no,1716,yes,no,cellular,12,aug,226,8,-1,0,unknown,no
33,admin.,single,tertiary,no,146,no,no,cellular,23,jul,351,3,-1,0,unknown,yes
35,services,married,secondary,no,0,yes,no,cellular,24,jul,810,1,-1,0,unknown,no
46,blue-collar,married,primary,no,1303,no,no,cellular,4,aug,174,1,-1,0,unknown,no
40,technician,married,tertiary,no,206,no,no,cellular,23,apr,499,6,185,4,success,yes
31,technician,married,tertiary,no,3382,no,no,cellular,30,apr,739,1,-1,0,unknown,yes
46,technician,married,secondary,no,0,no,no,cellular,28,aug,63,2,-1,0,unknown,no
40,admin.,married,secondary,no,0,yes,no,unknown,23,may,193,2,-1,0,unknown,no
28,management,single,secondary,no,1633,no,no,cellular,5,jun,275,1,-1,0,unknown,yes
33,services,married,secondary,no,386,no,no,cellular,12,may,317,1,181,5,success,yes
33,blue-collar,married,secondary,no,-112,yes,no,unknown,28,may,132,1,-1,0,unknown,no
27,management,single,tertiary,no,20585,no,no,cellular,23,sep,299,1,100,1,success,yes
40,blue-collar,married,unknown,no,87,yes,no,cellular,13,may,477,3,-1,0,unknown,yes
65,retired,married,secondary,no,23421,no,no,cellular,2,feb,432,1,-1,0,unknown,no
45,admin.,married,secondary,no,204,yes,no,cellular,3,jun,224,2,-1,0,unknown,yes
47,technician,divorced,unknown,no,442,yes,no,cellular,11,may,85,1,-1,0,unknown,no
36,unemployed,single,tertiary,no,1291,no,no,cellular,30,apr,195,1,86,1,success,yes
39,blue-collar,married,secondary,no,785,yes,no,cellular,11,may,1232,2,-1,0,unknown,yes
39,technician,single,secondary,no,175,no,yes,unknown,16,jun,757,2,-1,0,unknown,no
31,blue-collar,married,secondary,no,43,yes,no,unknown,19,may,405,3,-1,0,unknown,no
46,management,married,tertiary,no,3984,no,no,cellular,13,aug,77,2,-1,0,unknown,no
55,unemployed,married,primary,no,8585,no,no,telephone,28,jan,201,2,-1,0,unknown,no
26,student,single,secondary,no,0,yes,no,unknown,5,may,610,2,-1,0,unknown,no
38,management,married,primary,no,1365,yes,no,unknown,5,jun,224,1,-1,0,unknown,no
57,management,divorced,tertiary,no,408,yes,no,cellular,13,may,402,2,351,1,failure,no
28,student,single,secondary,no,67,no,no,cellular,20,aug,329,3,199,2,other,yes
26,services,single,secondary,no,-72,yes,no,unknown,30,jun,82,9,-1,0,unknown,no
44,management,married,unknown,no,21,no,no,cellular,24,aug,323,2,-1,0,unknown,no
32,technician,single,secondary,no,12,no,no,cellular,7,aug,173,2,-1,0,unknown,no
40,blue-collar,married,secondary,no,100,yes,no,unknown,29,may,218,2,-1,0,unknown,no
52,admin.,divorced,unknown,no,0,no,no,cellular,26,aug,168,4,-1,0,unknown,no
40,management,married,tertiary,no,24450,no,no,cellular,25,aug,73,2,-1,0,unknown,no
47,blue-collar,married,secondary,no,238,yes,yes,cellular,13,mar,3076,1,-1,0,unknown,yes
45,technician,single,tertiary,no,1591,no,no,cellular,15,jul,392,4,-1,0,unknown,no
54,services,married,secondary,no,131,no,no,cellular,14,aug,252,2,-1,0,unknown,no
44,entrepreneur,married,secondary,no,860,yes,yes,cellular,6,may,96,2,295,5,failure,no
75,retired,divorced,tertiary,no,3810,yes,no,cellular,16,nov,262,1,183,1,failure,yes
26,technician,single,secondary,no,1231,yes,no,cellular,3,jun,385,2,96,5,success,yes
57,management,divorced,tertiary,no,6468,yes,no,cellular,4,sep,730,1,157,4,failure,yes
52,blue-collar,married,primary,no,230,yes,no,cellular,6,may,198,2,170,2,failure,no
64,retired,married,secondary,no,588,no,no,cellular,16,jul,574,1,179,3,success,yes
29,self-employed,married,tertiary,no,1,no,no,cellular,18,jul,167,3,-1,0,unknown,no
32,admin.,married,secondary,no,366,no,no,cellular,14,jan,366,2,-1,0,unknown,yes
29,blue-collar,married,secondary,no,1,yes,no,unknown,6,may,215,1,-1,0,unknown,no
34,services,single,secondary,no,267,no,no,cellular,8,jul,449,2,-1,0,unknown,yes
45,blue-collar,married,primary,no,900,yes,no,unknown,9,jun,213,1,-1,0,unknown,no
35,services,single,secondary,no,719,yes,no,cellular,18,may,1359,3,368,3,failure,yes
38,blue-collar,married,secondary,no,0,yes,no,unknown,9,jun,254,1,-1,0,unknown,no
21,student,single,primary,no,423,no,no,cellular,8,apr,104,5,-1,0,unknown,yes
57,housemaid,married,tertiary,no,2326,no,no,cellular,28,oct,207,1,194,1,success,yes
34,blue-collar,married,primary,no,329,yes,no,cellular,17,apr,952,1,343,1,failure,yes
51,technician,married,secondary,no,2682,no,no,unknown,18,jun,56,1,-1,0,unknown,no
40,technician,married,secondary,no,66,yes,no,unknown,12,may,29,8,-1,0,unknown,no
44,self-employed,divorced,tertiary,no,1070,yes,no,cellular,11,nov,172,1,91,5,success,yes
40,entrepreneur,married,tertiary,no,3585,no,no,cellular,15,sep,506,3,-1,0,unknown,yes
46,management,married,tertiary,no,4,no,no,cellular,8,aug,1206,4,-1,0,unknown,yes
34,management,single,tertiary,yes,621,no,no,cellular,28,aug,205,3,-1,0,unknown,no
32,admin.,married,secondary,no,684,yes,no,cellular,14,may,607,3,-1,0,unknown,yes
33,blue-collar,single,primary,no,557,yes,no,cellular,17,apr,91,2,331,2,failure,no
33,management,single,tertiary,no,369,no,no,cellular,25,aug,143,10,-1,0,unknown,no
54,management,married,secondary,no,1134,yes,no,cellular,25,jul,1330,3,-1,0,unknown,yes
58,housemaid,married,primary,no,1310,yes,yes,cellular,22,jul,1226,2,-1,0,unknown,no
32,student,married,secondary,no,1536,no,no,cellular,7,aug,289,2,-1,0,unknown,yes
55,management,divorced,secondary,no,204,yes,no,cellular,11,jul,1973,2,-1,0,unknown,yes
34,admin.,married,secondary,no,641,yes,yes,unknown,16,may,467,1,-1,0,unknown,no
58,technician,married,secondary,no,99,no,no,telephone,22,sep,396,2,-1,0,unknown,yes
28,student,single,secondary,no,0,no,no,cellular,18,feb,209,20,-1,0,unknown,yes
36,services,married,secondary,no,11462,yes,no,cellular,20,nov,993,1,-1,0,unknown,yes
30,self-employed,single,tertiary,no,3137,yes,no,cellular,31,jul,368,7,-1,0,unknown,no
47,technician,married,secondary,no,834,no,yes,cellular,21,nov,902,1,133,2,other,yes
32,technician,married,secondary,no,557,yes,no,cellular,6,may,91,2,-1,0,unknown,no
50,admin.,divorced,secondary,no,3240,no,no,cellular,21,nov,144,2,-1,0,unknown,no
29,technician,single,secondary,no,5763,no,yes,cellular,5,jun,271,2,92,2,success,no
31,blue-collar,single,secondary,no,530,no,yes,cellular,18,nov,251,2,-1,0,unknown,no
28,services,single,secondary,no,168,no,no,cellular,12,jan,387,1,194,1,other,yes
44,entrepreneur,married,tertiary,no,624,no,no,telephone,14,aug,552,2,-1,0,unknown,yes
49,management,married,tertiary,no,3842,no,no,cellular,5,apr,163,1,186,3,failure,no
32,management,single,tertiary,no,520,no,no,cellular,3,feb,443,2,-1,0,unknown,yes
30,admin.,single,secondary,no,98,yes,no,cellular,23,jul,100,5,-1,0,unknown,no
35,services,married,secondary,no,142,yes,no,cellular,20,nov,315,2,196,4,failure,no
34,services,single,secondary,no,528,yes,no,cellular,2,sep,121,3,100,5,other,yes
75,retired,married,secondary,no,3771,no,no,telephone,15,apr,185,1,181,2,success,yes
51,management,married,tertiary,no,469,no,no,cellular,15,apr,200,1,181,2,success,yes
26,blue-collar,married,secondary,no,2770,yes,no,unknown,8,may,141,1,-1,0,unknown,no
50,entrepreneur,married,primary,no,431,yes,no,cellular,20,apr,12,5,-1,0,unknown,no
57,management,married,tertiary,no,337,no,no,cellular,5,feb,59,2,-1,0,unknown,no
27,technician,single,secondary,no,489,yes,no,cellular,30,jul,356,4,-1,0,unknown,yes
36,management,single,tertiary,no,-78,yes,no,unknown,2,jun,1068,1,-1,0,unknown,yes
50,management,single,tertiary,no,297,yes,no,unknown,5,may,119,1,-1,0,unknown,no
28,admin.,single,secondary,no,261,yes,yes,cellular,9,sep,259,2,98,4,success,yes
32,services,single,secondary,no,152,yes,no,cellular,25,may,158,2,-1,0,unknown,yes
32,management,single,tertiary,no,2,yes,no,cellular,11,sep,100,2,-1,0,unknown,yes
42,services,married,secondary,no,108,yes,yes,cellular,13,may,225,2,365,7,failure,no
35,unemployed,single,tertiary,no,415,no,no,cellular,4,feb,649,1,176,1,failure,yes
36,admin.,married,secondary,no,212,yes,yes,cellular,23,jul,1201,6,-1,0,unknown,yes
27,blue-collar,single,secondary,no,535,no,no,cellular,16,nov,183,1,94,1,success,yes
36,management,divorced,tertiary,no,1057,no,no,cellular,19,jul,230,2,164,2,failure,yes
33,management,single,tertiary,no,4128,yes,no,unknown,12,may,456,6,-1,0,unknown,no
35,blue-collar,married,unknown,no,520,yes,no,cellular,17,apr,476,1,-1,0,unknown,yes
73,retired,divorced,secondary,no,7111,yes,no,cellular,12,oct,146,1,-1,0,unknown,yes
44,management,married,tertiary,no,126,yes,no,unknown,13,may,92,1,-1,0,unknown,no
74,retired,divorced,primary,no,166,no,no,cellular,13,aug,99,1,-1,0,unknown,no
57,management,married,secondary,no,657,yes,no,telephone,11,may,20,5,-1,0,unknown,no
47,services,single,unknown,no,1784,no,no,cellular,19,oct,385,2,-1,0,unknown,yes
39,management,married,tertiary,no,0,no,no,cellular,29,aug,94,2,-1,0,unknown,no
38,management,married,unknown,no,1349,yes,no,unknown,6,may,100,1,-1,0,unknown,no
42,services,married,secondary,no,154,yes,no,telephone,14,may,346,5,372,1,other,no
30,technician,married,tertiary,no,2166,no,no,cellular,12,jan,316,2,-1,0,unknown,yes
43,admin.,single,secondary,no,386,no,no,cellular,12,jul,220,3,529,1,failure,yes
86,retired,single,secondary,no,614,no,no,telephone,9,dec,595,1,-1,0,unknown,yes
32,self-employed,married,primary,no,286,yes,no,cellular,6,aug,175,1,-1,0,unknown,no
77,retired,married,unknown,no,1807,no,no,telephone,20,oct,373,1,-1,0,unknown,yes
35,admin.,single,secondary,no,0,yes,no,cellular,8,may,376,3,-1,0,unknown,no
34,admin.,married,tertiary,no,899,yes,no,unknown,12,nov,114,1,170,3,failure,yes
49,admin.,married,secondary,no,1096,yes,no,cellular,17,apr,609,1,303,5,failure,no
42,blue-collar,married,primary,no,704,yes,yes,telephone,31,jul,88,10,-1,0,unknown,no
30,services,married,secondary,no,0,yes,no,cellular,21,nov,681,4,-1,0,unknown,yes
27,services,single,secondary,no,-151,no,no,cellular,8,jul,283,2,-1,0,unknown,no
36,management,married,tertiary,no,1582,no,no,telephone,3,feb,26,2,197,1,failure,no
27,self-employed,single,tertiary,no,270,yes,no,unknown,27,may,470,2,-1,0,unknown,no
83,retired,divorced,primary,no,4565,no,no,cellular,13,sep,175,2,-1,0,unknown,no
37,management,married,tertiary,no,1689,yes,no,unknown,29,may,645,2,-1,0,unknown,no
52,blue-collar,married,secondary,no,1117,yes,no,cellular,13,may,365,1,-1,0,unknown,no
40,admin.,married,secondary,no,523,yes,yes,unknown,8,may,598,3,-1,0,unknown,no
48,management,married,tertiary,no,1600,no,no,cellular,18,nov,448,1,-1,0,unknown,no
26,management,single,tertiary,no,2786,no,no,cellular,3,jun,300,2,72,1,success,yes
45,blue-collar,married,secondary,no,2246,yes,yes,cellular,21,nov,197,2,99,2,other,no
32,management,married,tertiary,no,937,no,no,cellular,26,may,61,1,190,1,failure,no
25,services,single,secondary,no,801,no,no,cellular,5,jun,255,2,-1,0,unknown,yes
41,blue-collar,married,secondary,no,5517,yes,no,cellular,10,jul,584,1,-1,0,unknown,yes
35,unemployed,married,secondary,no,1,yes,no,cellular,28,jul,173,8,-1,0,unknown,no
25,blue-collar,single,secondary,no,217,yes,no,cellular,18,may,504,1,-1,0,unknown,yes
46,services,married,secondary,no,1757,yes,no,unknown,14,may,380,4,-1,0,unknown,no
44,admin.,divorced,secondary,no,0,no,no,cellular,14,apr,1594,1,148,1,failure,yes
30,technician,single,secondary,no,19,yes,no,cellular,18,aug,16,15,-1,0,unknown,no
31,technician,single,tertiary,no,969,no,no,cellular,15,jun,95,1,-1,0,unknown,no
45,technician,divorced,secondary,no,146,no,no,cellular,8,jul,216,1,-1,0,unknown,no
31,self-employed,single,secondary,no,203,no,yes,cellular,19,nov,177,1,-1,0,unknown,no
27,student,single,tertiary,no,24,yes,no,cellular,2,feb,344,2,-1,0,unknown,no
60,blue-collar,married,unknown,no,104,yes,no,unknown,5,may,22,1,-1,0,unknown,no
33,management,single,tertiary,no,383,yes,no,cellular,9,jul,125,1,-1,0,unknown,no
39,services,married,secondary,no,3870,yes,no,cellular,20,apr,72,1,-1,0,unknown,no
32,blue-collar,married,secondary,no,889,yes,no,cellular,10,sep,185,1,99,5,success,yes
26,blue-collar,single,secondary,no,-29,yes,no,cellular,10,jul,998,4,-1,0,unknown,yes
53,management,married,tertiary,no,75,no,no,cellular,20,aug,216,2,-1,0,unknown,no
31,self-employed,single,tertiary,no,3343,no,no,cellular,3,sep,365,1,94,1,success,yes
37,admin.,divorced,secondary,no,1533,yes,no,cellular,21,nov,555,4,-1,0,unknown,yes
31,blue-collar,married,secondary,no,671,yes,no,unknown,18,jun,704,4,-1,0,unknown,yes
65,admin.,married,secondary,no,952,no,no,cellular,6,sep,255,1,96,1,success,yes
47,admin.,married,secondary,no,0,no,no,cellular,10,nov,213,1,190,1,other,yes
38,management,married,tertiary,no,385,yes,no,telephone,28,oct,154,1,-1,0,unknown,yes
42,management,married,tertiary,no,24780,no,no,cellular,6,aug,184,2,-1,0,unknown,no
46,management,married,tertiary,no,716,yes,yes,cellular,8,may,557,1,172,1,failure,no
57,technician,divorced,secondary,no,3105,yes,no,unknown,14,may,173,11,-1,0,unknown,no
34,admin.,single,secondary,no,79,yes,no,cellular,28,jul,219,3,-1,0,unknown,no
29,management,single,tertiary,no,1445,no,no,cellular,4,dec,271,2,-1,0,unknown,yes
42,blue-collar,married,unknown,no,149,yes,no,telephone,23,jul,329,3,-1,0,unknown,no
40,blue-collar,married,primary,yes,-509,yes,no,unknown,23,may,298,1,-1,0,unknown,no
30,admin.,single,secondary,no,914,yes,no,cellular,28,oct,524,3,272,1,failure,yes
35,management,single,tertiary,no,687,yes,no,unknown,30,may,166,2,-1,0,unknown,no
73,management,married,tertiary,no,1609,no,no,cellular,14,jul,169,2,-1,0,unknown,yes
38,admin.,married,secondary,no,0,yes,no,cellular,8,sep,210,1,92,3,success,yes
26,blue-collar,single,secondary,yes,-36,yes,no,unknown,3,jun,482,2,-1,0,unknown,yes
40,admin.,single,unknown,no,355,yes,no,cellular,7,apr,345,2,138,6,other,no
21,student,single,secondary,no,123,no,no,telephone,12,aug,449,1,-1,0,unknown,yes
34,blue-collar,married,primary,no,3,yes,no,telephone,8,may,26,1,-1,0,unknown,no
27,management,single,secondary,no,924,yes,no,cellular,3,feb,84,1,-1,0,unknown,no
31,admin.,single,secondary,no,554,yes,no,cellular,5,feb,94,1,-1,0,unknown,no
57,unemployed,married,primary,no,2743,no,no,cellular,29,jan,89,1,-1,0,unknown,no
49,management,married,tertiary,no,85,yes,no,cellular,14,may,590,5,359,1,other,yes
37,technician,married,tertiary,no,127,yes,no,cellular,13,feb,71,1,-1,0,unknown,yes
36,student,married,primary,no,3503,no,no,unknown,6,jun,31,1,-1,0,unknown,no
52,technician,divorced,secondary,no,1005,yes,no,cellular,2,jun,195,1,-1,0,unknown,yes
59,management,married,primary,no,1727,no,no,telephone,25,may,500,4,358,2,failure,yes
38,entrepreneur,divorced,secondary,no,1190,yes,no,cellular,4,jun,81,2,391,3,failure,yes
39,services,married,primary,no,1951,yes,no,unknown,23,may,208,2,-1,0,unknown,no
30,blue-collar,married,secondary,no,194,yes,no,cellular,8,may,475,3,-1,0,unknown,no
26,blue-collar,single,secondary,no,191,yes,no,cellular,6,may,550,1,-1,0,unknown,yes
35,admin.,single,secondary,no,0,yes,no,cellular,13,may,1073,1,-1,0,unknown,yes
30,admin.,married,secondary,no,590,no,no,cellular,11,aug,443,3,-1,0,unknown,no
59,admin.,married,secondary,no,3735,no,no,cellular,18,mar,203,4,121,2,failure,yes
56,services,married,primary,no,444,yes,no,unknown,6,jun,432,1,-1,0,unknown,no
57,retired,married,secondary,no,519,yes,no,unknown,3,jun,393,3,-1,0,unknown,no
36,blue-collar,married,secondary,no,1797,yes,yes,cellular,17,nov,166,1,181,2,failure,no
31,management,single,tertiary,no,5691,yes,no,cellular,21,jul,357,1,-1,0,unknown,no
31,admin.,married,secondary,no,368,yes,no,cellular,5,may,414,5,361,3,other,no
33,services,married,secondary,no,7,yes,no,unknown,20,may,217,1,-1,0,unknown,no
31,management,married,tertiary,no,84,no,yes,unknown,1,jul,143,1,-1,0,unknown,no
52,services,married,secondary,no,2993,no,no,cellular,11,mar,96,6,-1,0,unknown,no
29,management,married,secondary,no,231,no,no,cellular,14,may,1075,1,14,1,failure,yes
27,technician,single,secondary,no,643,no,no,cellular,13,jul,317,1,-1,0,unknown,yes
56,management,married,tertiary,no,746,no,no,cellular,30,apr,193,1,-1,0,unknown,no
54,management,married,tertiary,no,1624,no,no,cellular,12,may,166,3,182,10,success,yes
45,management,married,secondary,no,446,no,no,cellular,6,aug,304,3,-1,0,unknown,yes
35,admin.,married,secondary,no,907,no,yes,unknown,2,jul,97,4,-1,0,unknown,no
19,student,single,unknown,no,108,no,no,cellular,10,aug,168,1,182,2,success,yes
51,entrepreneur,married,primary,no,1443,no,no,cellular,18,feb,172,10,-1,0,unknown,yes
32,technician,married,secondary,no,303,yes,no,cellular,8,apr,150,1,267,4,failure,yes
38,technician,married,secondary,no,226,yes,no,unknown,30,may,762,3,-1,0,unknown,yes
43,technician,married,secondary,no,629,no,no,cellular,5,aug,196,1,-1,0,unknown,no
28,technician,single,secondary,no,100,yes,no,cellular,13,may,70,5,-1,0,unknown,no
44,blue-collar,single,primary,no,-234,yes,yes,cellular,15,may,71,3,347,1,failure,no
33,management,married,tertiary,no,3301,yes,no,cellular,2,nov,131,2,171,2,failure,no
36,management,single,tertiary,no,436,no,no,cellular,13,apr,567,1,595,2,failure,yes
31,technician,single,secondary,no,31868,no,no,telephone,14,aug,34,6,-1,0,unknown,no
32,technician,married,secondary,no,465,yes,no,cellular,12,may,210,2,-1,0,unknown,no
55,admin.,divorced,secondary,no,1872,no,no,cellular,28,aug,155,2,93,8,failure,yes
33,management,married,secondary,no,369,no,no,cellular,11,feb,446,1,-1,0,unknown,yes
34,management,married,tertiary,no,589,no,no,cellular,1,sep,300,1,44,3,other,yes
48,unknown,married,unknown,no,3,no,no,cellular,19,aug,104,2,-1,0,unknown,no
41,technician,married,secondary,no,501,yes,no,unknown,19,may,579,5,-1,0,unknown,yes
38,self-employed,single,tertiary,no,605,no,no,telephone,18,jun,1603,10,-1,0,unknown,yes
33,management,single,tertiary,no,2364,no,no,cellular,17,may,508,1,-1,0,unknown,yes
40,technician,married,secondary,no,0,yes,yes,cellular,26,jul,105,2,172,1,failure,no
53,management,married,unknown,no,2240,yes,no,cellular,2,jun,282,2,385,1,success,yes
55,blue-collar,single,primary,no,1187,yes,no,unknown,2,jun,193,2,-1,0,unknown,no
48,blue-collar,married,secondary,no,292,no,no,cellular,30,apr,271,1,79,1,success,yes
34,self-employed,single,tertiary,no,9962,no,no,cellular,20,aug,474,1,-1,0,unknown,yes
21,technician,single,unknown,no,360,no,no,cellular,26,may,131,2,-1,0,unknown,yes
30,self-employed,single,tertiary,no,2593,no,no,unknown,27,may,662,7,-1,0,unknown,no
40,services,married,secondary,no,695,yes,no,cellular,11,may,270,1,348,10,failure,no
57,admin.,married,secondary,no,4168,yes,yes,unknown,16,may,47,1,-1,0,unknown,no
28,unemployed,married,secondary,no,863,yes,yes,unknown,27,may,355,1,-1,0,unknown,no
44,technician,single,secondary,no,29,yes,no,unknown,5,may,151,1,-1,0,unknown,no
26,management,single,tertiary,no,362,no,no,cellular,15,sep,925,1,104,2,success,yes
36,technician,single,secondary,no,376,no,no,cellular,13,nov,193,1,92,1,success,yes
45,admin.,divorced,secondary,no,0,no,no,cellular,29,oct,264,1,-1,0,unknown,yes
31,technician,single,secondary,no,1170,yes,no,unknown,2,jun,120,2,-1,0,unknown,no
29,unemployed,single,tertiary,no,150,yes,no,cellular,5,may,165,1,-1,0,unknown,no
42,entrepreneur,married,tertiary,no,233,no,no,cellular,5,feb,446,1,-1,0,unknown,no
56,blue-collar,married,secondary,no,1602,yes,no,unknown,6,may,427,1,-1,0,unknown,no
36,technician,married,primary,no,1653,yes,yes,unknown,27,may,336,10,-1,0,unknown,no
24,admin.,married,secondary,no,230,yes,no,cellular,15,may,73,1,-1,0,unknown,no
48,unemployed,married,primary,no,608,no,no,cellular,30,jul,362,2,-1,0,unknown,no
36,entrepreneur,married,secondary,no,2971,no,no,cellular,12,nov,247,1,97,8,failure,yes
42,management,married,tertiary,no,-671,no,no,cellular,28,aug,80,2,-1,0,unknown,no
38,management,married,tertiary,no,0,yes,no,unknown,20,jun,211,2,-1,0,unknown,no
34,blue-collar,married,secondary,no,261,yes,no,cellular,3,feb,88,5,251,3,failure,no
38,management,married,tertiary,no,1187,yes,yes,cellular,2,feb,157,1,-1,0,unknown,no
39,technician,single,secondary,no,1048,yes,yes,cellular,8,apr,201,2,-1,0,unknown,no
37,services,divorced,secondary,no,239,yes,no,unknown,23,may,140,2,-1,0,unknown,no
35,blue-collar,married,primary,no,414,no,no,unknown,13,may,504,4,-1,0,unknown,yes
31,blue-collar,married,secondary,no,4471,yes,no,unknown,9,may,296,2,-1,0,unknown,no
47,self-employed,married,secondary,no,4420,yes,yes,cellular,20,nov,454,1,-1,0,unknown,yes
50,management,married,tertiary,no,938,no,no,cellular,30,apr,780,1,-1,0,unknown,yes
49,entrepreneur,married,secondary,no,-1965,no,yes,telephone,10,jul,317,2,-1,0,unknown,no
37,management,married,tertiary,no,7100,no,no,cellular,20,nov,757,2,-1,0,unknown,no
40,technician,divorced,tertiary,no,568,yes,no,unknown,24,oct,112,1,-1,0,unknown,yes
46,services,divorced,secondary,no,5,yes,yes,cellular,29,jan,305,2,-1,0,unknown,no
33,management,single,tertiary,no,3770,no,no,cellular,28,jan,757,2,-1,0,unknown,no
54,blue-collar,married,secondary,no,-102,yes,no,cellular,27,aug,164,7,-1,0,unknown,no
47,blue-collar,married,secondary,no,668,yes,no,cellular,4,may,230,6,354,2,success,no
40,technician,single,tertiary,no,1646,yes,no,cellular,4,aug,173,1,92,5,success,yes
37,admin.,married,primary,no,214,yes,no,cellular,9,jul,645,1,-1,0,unknown,yes
39,unemployed,married,tertiary,no,201,no,no,cellular,3,jun,699,1,119,1,failure,yes
29,services,single,tertiary,no,1788,no,no,cellular,27,oct,353,1,-1,0,unknown,yes
53,management,divorced,tertiary,no,2679,no,no,cellular,20,nov,295,3,-1,0,unknown,yes
36,management,single,tertiary,no,7606,yes,no,unknown,30,may,917,1,-1,0,unknown,yes
58,unknown,married,unknown,no,68,no,no,cellular,2,apr,268,1,-1,0,unknown,yes
46,management,married,unknown,no,802,yes,no,telephone,25,jul,417,1,-1,0,unknown,no
33,entrepreneur,married,tertiary,no,606,yes,no,cellular,2,feb,194,1,-1,0,unknown,no
30,admin.,single,secondary,no,613,yes,no,cellular,17,apr,180,2,302,1,failure,no
58,admin.,married,secondary,no,1464,yes,yes,unknown,5,jun,53,29,-1,0,unknown,no
33,services,married,secondary,no,804,yes,yes,unknown,8,may,266,1,-1,0,unknown,no
40,blue-collar,married,primary,no,104,yes,no,unknown,26,may,470,2,-1,0,unknown,no
26,management,single,tertiary,no,9447,no,no,cellular,4,sep,113,1,100,2,other,no
26,entrepreneur,single,tertiary,no,725,no,no,cellular,5,feb,1916,2,189,29,other,yes
47,entrepreneur,married,tertiary,no,0,no,no,cellular,16,feb,261,2,-1,0,unknown,yes
31,management,single,tertiary,no,4718,yes,no,cellular,21,nov,536,1,-1,0,unknown,yes
30,admin.,married,secondary,yes,23,no,yes,cellular,4,feb,149,2,-1,0,unknown,no
42,technician,married,secondary,no,1013,no,yes,cellular,28,aug,117,8,-1,0,unknown,no
48,management,married,tertiary,no,2266,no,no,cellular,18,nov,676,1,-1,0,unknown,yes
22,admin.,single,secondary,no,33,no,no,cellular,12,feb,369,1,-1,0,unknown,yes
28,unemployed,single,primary,no,236,no,no,cellular,6,feb,460,3,-1,0,unknown,no
35,unemployed,married,secondary,no,2228,no,no,unknown,19,jun,461,2,-1,0,unknown,no
33,technician,single,secondary,no,0,no,no,unknown,3,jul,1106,2,-1,0,unknown,no
67,housemaid,divorced,secondary,no,5275,no,no,cellular,13,aug,222,4,-1,0,unknown,yes
47,management,married,tertiary,no,4693,no,yes,cellular,12,nov,89,1,97,3,success,yes
41,blue-collar,married,secondary,no,2823,yes,no,unknown,14,may,858,1,-1,0,unknown,yes
49,unknown,married,primary,no,341,yes,yes,unknown,15,may,520,2,-1,0,unknown,yes
59,retired,married,secondary,no,434,yes,no,unknown,12,may,63,3,-1,0,unknown,no
48,housemaid,married,secondary,no,3570,no,no,cellular,5,jun,58,2,-1,0,unknown,no
29,management,single,tertiary,no,1170,no,no,cellular,20,apr,453,1,-1,0,unknown,yes
56,retired,divorced,primary,no,694,no,no,cellular,29,jan,144,1,102,1,other,yes
59,blue-collar,married,secondary,yes,-918,yes,no,unknown,16,jun,253,2,-1,0,unknown,no
40,management,married,tertiary,no,384,no,no,cellular,20,apr,200,3,327,2,failure,no
34,blue-collar,single,secondary,no,550,yes,no,cellular,20,apr,90,3,346,1,failure,no
28,technician,single,tertiary,no,2489,yes,no,telephone,27,feb,342,2,-1,0,unknown,yes
28,technician,single,secondary,no,250,no,yes,cellular,29,jan,133,1,-1,0,unknown,no
39,blue-collar,married,secondary,no,5222,yes,no,unknown,28,may,102,1,-1,0,unknown,no
43,blue-collar,married,primary,no,794,yes,no,cellular,13,may,38,3,-1,0,unknown,no
30,admin.,married,secondary,no,396,yes,no,cellular,13,may,366,3,348,2,failure,yes
48,management,married,tertiary,no,1808,yes,no,cellular,26,feb,245,1,-1,0,unknown,yes
43,unemployed,married,secondary,no,210,yes,no,unknown,12,may,88,5,-1,0,unknown,no
38,management,married,tertiary,no,119,yes,no,unknown,13,may,568,4,-1,0,unknown,yes
44,management,single,tertiary,no,1090,no,no,cellular,20,oct,178,4,93,6,success,yes
54,management,divorced,secondary,no,300,yes,no,cellular,20,nov,562,2,-1,0,unknown,yes
88,retired,married,primary,no,648,no,no,telephone,3,sep,318,1,-1,0,unknown,no
37,self-employed,married,tertiary,no,0,no,no,unknown,6,jun,143,1,-1,0,unknown,no
62,management,married,tertiary,no,1859,no,no,telephone,6,aug,245,3,-1,0,unknown,yes
37,management,married,tertiary,no,0,no,no,cellular,15,jan,426,2,196,1,other,yes
36,admin.,single,tertiary,no,994,no,no,cellular,13,aug,185,2,105,3,success,no
54,management,single,tertiary,no,4393,yes,no,unknown,16,may,1297,3,-1,0,unknown,yes
59,management,married,tertiary,no,5397,no,no,cellular,23,jun,671,3,-1,0,unknown,yes
59,unknown,married,unknown,no,1541,no,no,cellular,5,aug,790,1,-1,0,unknown,no
41,admin.,single,secondary,no,-109,yes,yes,cellular,11,may,1038,1,370,1,failure,yes
32,management,divorced,tertiary,no,883,yes,no,cellular,10,dec,798,1,185,5,other,yes
39,blue-collar,married,primary,no,12848,yes,no,unknown,5,jun,337,2,-1,0,unknown,no
36,blue-collar,married,primary,no,1177,no,no,cellular,15,apr,330,1,311,4,success,yes
44,technician,single,secondary,no,244,yes,no,cellular,12,aug,1735,4,-1,0,unknown,yes
80,retired,married,primary,no,1468,no,no,cellular,13,jan,330,3,-1,0,unknown,yes
33,services,single,secondary,no,133,no,no,cellular,14,jan,305,2,274,1,success,yes
33,blue-collar,divorced,secondary,no,3546,yes,no,unknown,23,may,777,2,-1,0,unknown,yes
52,management,married,tertiary,no,388,no,no,cellular,25,may,272,1,-1,0,unknown,yes
53,services,divorced,secondary,no,36,yes,yes,unknown,2,jul,25,1,417,1,success,yes
32,blue-collar,married,primary,no,634,no,no,cellular,29,jan,696,1,-1,0,unknown,yes
35,management,single,tertiary,no,1750,yes,no,cellular,21,apr,333,3,-1,0,unknown,yes
31,blue-collar,married,secondary,no,0,yes,no,unknown,10,aug,97,1,782,1,other,yes
34,blue-collar,married,primary,no,3868,yes,no,cellular,18,may,134,1,350,1,failure,no
46,management,married,tertiary,no,699,no,no,cellular,30,apr,970,1,87,1,failure,yes
32,technician,married,tertiary,no,2688,no,no,cellular,14,oct,216,1,57,1,failure,yes
34,technician,single,secondary,no,85,yes,no,unknown,20,may,1182,4,-1,0,unknown,yes
47,entrepreneur,married,secondary,no,0,no,no,unknown,19,jun,563,2,-1,0,unknown,no
38,services,married,primary,no,0,no,no,cellular,28,jul,33,3,-1,0,unknown,no
33,technician,married,secondary,no,180,no,no,cellular,4,aug,561,1,435,3,failure,yes
46,blue-collar,married,secondary,no,922,yes,no,telephone,18,nov,296,2,-1,0,unknown,no
46,technician,married,secondary,no,2149,yes,no,cellular,15,apr,282,2,-1,0,unknown,yes
43,services,married,secondary,no,2478,yes,no,cellular,28,jan,347,1,230,1,failure,no
57,management,divorced,unknown,no,0,no,no,cellular,27,mar,102,1,-1,0,unknown,no
26,services,single,secondary,no,37,no,yes,cellular,2,feb,219,5,-1,0,unknown,no
46,self-employed,married,secondary,no,567,no,no,cellular,18,jul,142,10,-1,0,unknown,no
30,technician,married,secondary,no,384,no,no,cellular,25,aug,73,3,-1,0,unknown,no
20,student,single,unknown,no,829,no,no,cellular,9,jul,253,2,-1,0,unknown,yes
38,entrepreneur,single,secondary,no,2543,no,no,cellular,11,nov,357,3,93,5,success,yes
78,retired,married,primary,no,8556,no,no,telephone,21,apr,137,2,-1,0,unknown,yes
38,technician,divorced,secondary,no,1221,yes,yes,cellular,18,aug,73,7,-1,0,unknown,no
65,retired,married,primary,no,343,no,no,telephone,5,feb,159,2,-1,0,unknown,no
41,entrepreneur,married,tertiary,no,121,yes,no,cellular,5,may,456,1,287,1,failure,no
45,unemployed,married,primary,no,0,yes,no,cellular,2,feb,570,2,-1,0,unknown,no
43,admin.,married,tertiary,no,189,yes,no,cellular,14,jul,1062,4,-1,0,unknown,yes
26,blue-collar,single,secondary,no,-128,no,yes,cellular,8,jul,392,2,-1,0,unknown,no
90,retired,divorced,secondary,no,1,no,no,cellular,13,feb,152,3,-1,0,unknown,yes
59,management,divorced,tertiary,no,258,yes,no,telephone,29,oct,266,1,-1,0,unknown,yes
30,technician,married,secondary,no,1011,yes,no,unknown,16,may,109,1,-1,0,unknown,no
40,admin.,divorced,secondary,no,274,yes,yes,cellular,25,jul,53,4,-1,0,unknown,no
35,management,single,tertiary,no,-292,yes,no,cellular,18,may,166,2,272,6,failure,no
49,management,married,tertiary,no,1311,yes,no,cellular,8,may,813,1,-1,0,unknown,yes
60,technician,single,primary,no,11262,no,no,cellular,26,aug,323,1,-1,0,unknown,yes
30,services,married,secondary,no,80,yes,no,unknown,8,may,185,2,-1,0,unknown,no
79,retired,married,secondary,no,2661,no,no,cellular,10,nov,254,5,-1,0,unknown,yes
41,management,married,tertiary,no,217,no,no,cellular,19,nov,328,1,-1,0,unknown,no
31,technician,married,tertiary,no,636,yes,no,cellular,4,may,352,4,-1,0,unknown,yes
38,technician,single,tertiary,no,1101,no,no,cellular,30,apr,800,1,-1,0,unknown,yes
31,technician,married,tertiary,no,1570,yes,no,cellular,8,mar,277,4,286,1,failure,yes
43,management,single,tertiary,no,1806,yes,no,cellular,12,aug,161,2,-1,0,unknown,no
52,technician,married,secondary,no,5303,yes,no,unknown,19,oct,133,1,-1,0,unknown,yes
33,technician,married,secondary,no,390,no,no,cellular,13,aug,460,2,-1,0,unknown,no
52,services,married,secondary,no,659,no,no,cellular,28,jan,390,4,93,1,success,yes
57,management,married,tertiary,no,372,no,no,cellular,21,nov,553,3,-1,0,unknown,yes
21,student,single,secondary,no,794,no,no,cellular,5,jun,191,1,-1,0,unknown,yes
33,entrepreneur,married,tertiary,no,114,no,yes,cellular,28,jul,57,3,-1,0,unknown,no
45,management,married,tertiary,no,655,no,no,unknown,20,jun,693,3,-1,0,unknown,yes
40,admin.,married,secondary,no,367,yes,no,telephone,5,feb,89,1,274,1,failure,no
31,management,single,tertiary,no,424,no,yes,cellular,7,aug,224,2,-1,0,unknown,no
53,technician,single,tertiary,no,1,no,no,cellular,21,aug,190,1,-1,0,unknown,no
47,self-employed,married,tertiary,no,0,no,no,telephone,21,nov,28,1,-1,0,unknown,no
34,technician,single,tertiary,no,2047,yes,no,cellular,28,jul,57,5,-1,0,unknown,no
44,self-employed,married,secondary,no,706,no,no,unknown,5,nov,204,1,-1,0,unknown,yes
36,admin.,single,secondary,no,206,yes,no,unknown,8,may,183,1,-1,0,unknown,no
40,management,married,tertiary,no,552,no,no,cellular,28,jul,761,8,-1,0,unknown,no
42,admin.,married,secondary,no,214,yes,no,unknown,28,may,21,24,-1,0,unknown,no
42,unemployed,married,secondary,no,-165,yes,yes,unknown,27,may,179,3,-1,0,unknown,no
31,self-employed,single,tertiary,no,17924,yes,no,cellular,21,nov,608,3,-1,0,unknown,no
44,technician,divorced,tertiary,no,9192,yes,no,unknown,6,jun,59,3,-1,0,unknown,no
42,management,single,tertiary,no,11891,no,no,cellular,6,apr,158,1,-1,0,unknown,yes
31,services,married,secondary,no,395,no,no,cellular,25,jul,174,3,-1,0,unknown,no
70,retired,married,primary,no,2795,no,no,cellular,8,jan,301,2,-1,0,unknown,yes
28,blue-collar,single,secondary,no,1285,no,no,telephone,30,jan,199,2,2,17,other,no
26,student,single,secondary,no,5296,no,no,cellular,5,mar,229,1,205,1,failure,yes
34,admin.,married,secondary,no,560,yes,no,unknown,5,may,198,3,-1,0,unknown,no
51,admin.,divorced,secondary,no,520,no,yes,cellular,10,jul,157,1,-1,0,unknown,no
32,services,single,secondary,no,-1139,yes,no,cellular,7,jul,201,1,-1,0,unknown,no
33,blue-collar,married,secondary,no,139,yes,yes,cellular,18,may,732,2,291,5,failure,yes
41,technician,divorced,secondary,no,1545,no,yes,cellular,13,aug,183,2,-1,0,unknown,no
82,retired,married,primary,no,243,no,no,cellular,26,jul,275,1,180,2,success,yes
73,retired,married,unknown,no,519,no,no,telephone,16,oct,434,1,57,1,failure,yes
37,blue-collar,married,secondary,no,105,yes,no,unknown,8,may,69,2,-1,0,unknown,no
32,technician,single,tertiary,no,3818,no,no,cellular,18,aug,100,4,-1,0,unknown,no
35,technician,single,secondary,no,344,no,no,cellular,27,aug,519,16,-1,0,unknown,yes
42,technician,single,tertiary,no,35,yes,yes,cellular,17,nov,38,1,115,5,other,no
52,admin.,married,primary,no,204,no,no,cellular,19,aug,123,2,-1,0,unknown,no
45,housemaid,married,primary,no,317,yes,no,cellular,8,apr,325,2,-1,0,unknown,no
27,blue-collar,single,secondary,no,513,yes,yes,cellular,18,may,351,1,-1,0,unknown,yes
50,services,married,secondary,no,1501,no,no,cellular,21,aug,946,4,-1,0,unknown,yes
37,unemployed,divorced,tertiary,no,1085,no,no,cellular,25,aug,146,4,-1,0,unknown,no
31,management,married,tertiary,no,141,yes,no,cellular,4,feb,572,2,238,7,other,yes
36,blue-collar,married,secondary,no,249,yes,no,cellular,15,may,709,5,-1,0,unknown,yes
28,self-employed,single,tertiary,no,159,no,no,cellular,14,oct,246,2,420,2,other,yes
38,management,single,unknown,no,715,yes,no,cellular,2,apr,951,1,132,3,failure,no
64,retired,married,secondary,no,3189,no,no,telephone,15,jun,208,1,-1,0,unknown,yes
26,services,single,secondary,no,335,no,no,telephone,29,jan,393,2,-1,0,unknown,no
29,management,single,tertiary,no,2753,no,no,cellular,30,apr,645,1,-1,0,unknown,yes
35,services,single,secondary,no,1742,yes,no,cellular,31,jul,39,2,-1,0,unknown,no
59,technician,married,secondary,no,116,no,no,cellular,12,aug,398,4,422,3,failure,yes
27,services,single,secondary,no,223,yes,yes,cellular,13,may,297,2,-1,0,unknown,no
31,entrepreneur,single,tertiary,no,734,yes,no,cellular,7,may,295,1,168,4,other,no
47,technician,single,secondary,no,-239,yes,yes,cellular,7,jul,973,3,-1,0,unknown,yes
25,self-employed,single,secondary,no,1242,yes,no,unknown,28,may,615,2,-1,0,unknown,yes
31,admin.,married,secondary,no,54,yes,no,cellular,21,nov,226,1,-1,0,unknown,no
25,blue-collar,single,secondary,no,189,no,yes,cellular,8,jul,687,2,-1,0,unknown,yes
42,blue-collar,single,secondary,no,1080,yes,yes,cellular,13,may,951,3,370,4,failure,yes
55,retired,divorced,secondary,no,282,yes,no,unknown,5,jun,99,2,-1,0,unknown,no
33,technician,single,tertiary,no,0,yes,no,cellular,21,nov,654,1,-1,0,unknown,yes
39,blue-collar,married,tertiary,no,597,no,no,cellular,16,jul,686,6,-1,0,unknown,yes
35,technician,divorced,secondary,no,3549,yes,no,cellular,13,aug,250,4,-1,0,unknown,no
28,unemployed,single,primary,no,1374,no,no,cellular,23,apr,203,4,-1,0,unknown,yes
34,technician,single,secondary,no,1279,yes,no,cellular,21,oct,339,3,91,10,success,yes
33,management,single,secondary,no,2955,yes,no,cellular,18,may,178,2,-1,0,unknown,no
37,management,single,tertiary,no,8828,no,no,unknown,12,jun,1010,3,-1,0,unknown,yes
46,management,married,tertiary,no,7331,no,no,cellular,11,sep,658,4,95,2,other,yes
25,blue-collar,single,primary,no,52,yes,no,unknown,24,jun,528,2,-1,0,unknown,yes
56,management,married,tertiary,no,94,no,no,cellular,23,jul,530,3,-1,0,unknown,no
61,retired,married,tertiary,no,2557,yes,no,cellular,10,nov,89,1,91,4,success,yes
33,management,married,tertiary,no,191,no,no,cellular,13,aug,1148,2,-1,0,unknown,yes
48,blue-collar,married,secondary,no,3776,no,no,telephone,4,may,254,4,-1,0,unknown,no
57,technician,married,tertiary,no,1181,no,no,cellular,29,jul,169,2,182,2,success,yes
31,housemaid,married,primary,no,2603,yes,no,cellular,18,nov,224,1,-1,0,unknown,no
45,housemaid,married,secondary,no,4068,no,no,cellular,20,aug,184,1,-1,0,unknown,yes
58,management,divorced,tertiary,no,5701,no,no,cellular,30,apr,354,1,87,1,success,yes
42,technician,married,secondary,no,994,yes,no,cellular,12,nov,227,3,93,6,success,yes
48,services,divorced,primary,no,2805,no,yes,cellular,23,jul,212,2,-1,0,unknown,no
53,technician,married,secondary,no,10185,no,no,cellular,23,mar,115,1,-1,0,unknown,yes
58,retired,married,primary,no,2074,no,no,cellular,18,jun,259,2,-1,0,unknown,yes
38,technician,single,tertiary,no,11,no,no,unknown,18,jun,78,3,-1,0,unknown,no
60,blue-collar,married,primary,no,5,no,no,cellular,29,jan,533,1,92,1,success,yes
34,self-employed,married,tertiary,no,2427,no,no,telephone,11,aug,90,3,70,3,failure,no
31,management,single,tertiary,no,1619,no,no,cellular,30,apr,327,2,-1,0,unknown,yes
32,admin.,single,secondary,no,471,no,yes,cellular,2,apr,243,3,-1,0,unknown,yes
36,management,single,secondary,no,992,no,no,unknown,6,jun,351,1,-1,0,unknown,no
30,technician,single,secondary,no,175,no,no,cellular,25,aug,167,4,-1,0,unknown,no
40,blue-collar,married,secondary,no,95,no,yes,unknown,20,jun,61,4,-1,0,unknown,no
26,management,single,tertiary,no,2786,no,no,cellular,23,mar,415,1,-1,0,unknown,yes
42,management,single,tertiary,no,4264,yes,no,unknown,28,may,882,1,-1,0,unknown,no
24,self-employed,single,tertiary,no,2376,no,no,cellular,27,apr,122,1,-1,0,unknown,yes
32,services,single,secondary,no,182,yes,no,cellular,6,may,145,1,-1,0,unknown,no
32,blue-collar,single,secondary,no,400,no,no,cellular,4,may,268,3,-1,0,unknown,yes
49,admin.,married,secondary,no,3608,yes,no,unknown,13,nov,231,1,-1,0,unknown,yes
31,admin.,married,secondary,no,113,yes,no,cellular,18,nov,474,3,-1,0,unknown,no
61,management,married,tertiary,no,267,no,no,cellular,21,oct,192,3,184,1,success,yes
56,blue-collar,divorced,primary,no,-9,yes,yes,cellular,8,may,728,1,-1,0,unknown,yes
49,blue-collar,divorced,secondary,no,23,no,no,cellular,17,nov,221,2,-1,0,unknown,no
93,retired,married,unknown,no,775,no,no,cellular,22,jul,860,2,177,7,success,yes
47,blue-collar,married,secondary,no,-337,yes,yes,cellular,12,may,366,1,-1,0,unknown,no
33,management,married,tertiary,no,4570,no,no,cellular,22,aug,1258,2,-1,0,unknown,yes
41,admin.,divorced,secondary,no,2550,yes,no,cellular,15,may,894,2,347,2,failure,no
52,blue-collar,married,secondary,no,1405,no,yes,cellular,17,jul,753,2,-1,0,unknown,yes
28,student,single,secondary,no,2351,no,no,telephone,22,oct,157,1,-1,0,unknown,yes
44,management,divorced,tertiary,yes,-411,yes,no,unknown,2,jun,432,4,-1,0,unknown,yes
48,admin.,divorced,secondary,no,362,no,no,cellular,13,aug,529,1,-1,0,unknown,yes
32,services,single,secondary,no,486,no,no,cellular,29,jan,1181,1,-1,0,unknown,yes
27,blue-collar,single,tertiary,no,567,no,no,cellular,25,nov,238,2,184,1,success,yes
48,management,single,tertiary,no,399,no,yes,cellular,7,aug,126,1,-1,0,unknown,no
41,technician,single,tertiary,no,431,no,no,cellular,23,jul,196,1,88,5,failure,yes
41,services,married,secondary,no,241,yes,yes,unknown,4,jun,144,1,-1,0,unknown,no
31,management,married,tertiary,no,166,no,no,cellular,25,aug,392,6,-1,0,unknown,no
22,student,single,secondary,no,71,no,no,cellular,13,jul,337,1,181,2,success,yes
56,entrepreneur,married,tertiary,no,-124,yes,no,unknown,15,may,374,5,-1,0,unknown,no
53,admin.,married,secondary,no,459,no,no,cellular,5,apr,558,1,-1,0,unknown,yes
38,blue-collar,married,primary,no,5839,yes,no,unknown,4,jun,984,2,-1,0,unknown,yes
30,technician,single,secondary,no,-522,yes,yes,cellular,5,may,670,2,286,6,failure,yes
54,technician,married,secondary,no,3967,no,yes,cellular,29,jul,90,3,-1,0,unknown,no
56,housemaid,divorced,primary,yes,1238,no,no,unknown,5,jun,1558,1,-1,0,unknown,yes
47,self-employed,married,tertiary,no,1011,no,no,cellular,6,oct,808,1,-1,0,unknown,yes
47,blue-collar,married,secondary,no,2548,yes,no,cellular,11,may,577,1,368,1,other,no
53,management,divorced,tertiary,no,50,yes,no,cellular,15,may,669,1,337,3,failure,yes
38,housemaid,married,primary,no,3918,no,no,cellular,27,aug,101,3,-1,0,unknown,no
44,self-employed,married,unknown,no,680,yes,no,telephone,30,jul,84,4,-1,0,unknown,no
36,technician,single,secondary,no,27,yes,no,cellular,9,feb,631,1,260,2,success,yes
25,services,married,secondary,no,10,yes,no,cellular,7,may,51,1,294,1,failure,no
34,technician,married,tertiary,no,1539,yes,no,cellular,15,jun,441,1,56,1,other,yes
27,technician,single,secondary,no,261,yes,no,cellular,29,jan,236,2,247,2,failure,no
79,retired,divorced,primary,no,2787,no,no,telephone,13,jul,617,1,377,1,success,yes
53,management,married,secondary,no,90,yes,no,telephone,20,apr,67,5,-1,0,unknown,no
46,housemaid,married,secondary,no,271,yes,no,cellular,30,jul,1013,29,-1,0,unknown,yes
56,management,married,tertiary,no,2551,yes,no,cellular,17,nov,150,2,-1,0,unknown,no
62,retired,married,primary,no,1084,no,no,cellular,14,apr,505,1,-1,0,unknown,yes
34,entrepreneur,single,tertiary,no,2945,yes,no,cellular,17,apr,266,1,-1,0,unknown,no
48,management,divorced,tertiary,no,1401,yes,no,unknown,20,jun,72,3,-1,0,unknown,no
32,technician,married,tertiary,no,2976,yes,no,cellular,5,feb,783,1,175,5,failure,yes
48,admin.,married,secondary,no,191,yes,no,cellular,5,feb,238,3,-1,0,unknown,no
54,technician,married,secondary,no,0,no,no,telephone,16,nov,986,1,94,8,failure,no
42,blue-collar,married,primary,no,-407,yes,yes,cellular,12,may,829,7,-1,0,unknown,yes
32,technician,married,tertiary,no,240,yes,yes,cellular,14,jul,86,3,-1,0,unknown,no
45,blue-collar,single,secondary,no,0,yes,no,cellular,26,apr,1472,1,192,4,failure,yes
31,technician,single,secondary,no,109,yes,no,unknown,21,may,419,1,-1,0,unknown,no
28,admin.,single,secondary,no,377,no,no,cellular,30,apr,571,1,-1,0,unknown,yes
31,services,married,secondary,no,593,yes,no,cellular,19,nov,391,2,-1,0,unknown,no
37,services,married,secondary,no,1970,yes,no,telephone,5,nov,253,1,-1,0,unknown,yes
37,technician,married,secondary,no,5953,no,no,cellular,5,aug,1113,1,-1,0,unknown,no
52,management,married,unknown,no,1708,no,no,unknown,6,sep,310,1,75,4,failure,yes
68,retired,married,secondary,no,19317,yes,no,cellular,4,aug,249,1,-1,0,unknown,yes
52,blue-collar,married,secondary,no,1319,no,no,telephone,30,apr,37,2,-1,0,unknown,no
39,self-employed,divorced,secondary,yes,-103,no,yes,unknown,5,jun,210,3,-1,0,unknown,no
31,services,single,secondary,no,2038,yes,no,unknown,20,may,148,1,-1,0,unknown,no
35,management,married,tertiary,no,991,yes,no,cellular,6,may,1489,3,-1,0,unknown,yes
49,management,married,tertiary,no,1050,yes,no,cellular,18,nov,924,1,-1,0,unknown,yes
50,blue-collar,married,primary,no,533,no,no,cellular,21,aug,212,4,-1,0,unknown,no
44,admin.,divorced,tertiary,no,558,yes,no,cellular,31,mar,262,2,-1,0,unknown,yes
33,services,married,secondary,no,387,yes,no,cellular,7,apr,327,2,138,2,failure,no
45,technician,single,secondary,no,586,no,yes,cellular,28,jul,32,3,-1,0,unknown,no
39,management,married,tertiary,no,0,yes,no,cellular,11,may,112,1,-1,0,unknown,no
48,management,married,tertiary,no,1741,yes,yes,telephone,18,nov,40,1,-1,0,unknown,no
58,technician,married,secondary,no,3399,no,no,telephone,30,nov,1628,2,188,8,success,yes
51,technician,married,secondary,no,2937,no,no,telephone,21,nov,30,3,-1,0,unknown,no
49,technician,divorced,tertiary,no,1807,yes,no,cellular,12,mar,229,1,-1,0,unknown,yes
34,blue-collar,single,secondary,no,79,no,yes,cellular,20,nov,104,1,-1,0,unknown,no
42,management,single,tertiary,no,11008,no,no,cellular,28,jul,822,6,405,1,success,yes
58,services,married,secondary,no,12180,no,no,unknown,16,jun,121,5,-1,0,unknown,no
28,services,single,secondary,no,168,no,no,cellular,1,jun,347,3,140,2,success,yes
36,management,married,tertiary,no,495,no,no,cellular,14,jun,187,1,94,9,success,yes
45,technician,single,tertiary,no,0,no,no,cellular,22,aug,87,4,-1,0,unknown,no
64,retired,married,unknown,no,34,no,no,cellular,26,aug,244,2,-1,0,unknown,yes
33,blue-collar,single,secondary,no,329,no,no,cellular,6,sep,224,1,145,2,other,yes
42,management,married,tertiary,no,478,no,yes,cellular,8,jul,165,1,-1,0,unknown,no
38,technician,single,tertiary,no,0,no,no,cellular,28,aug,247,2,-1,0,unknown,no
38,blue-collar,married,primary,no,132,yes,no,cellular,14,may,797,2,-1,0,unknown,no
39,technician,married,secondary,no,0,yes,no,unknown,5,may,203,1,-1,0,unknown,no
48,technician,married,secondary,no,256,yes,no,unknown,29,may,150,4,-1,0,unknown,no
66,housemaid,divorced,primary,no,3701,no,no,telephone,3,mar,834,1,-1,0,unknown,yes
56,technician,married,tertiary,no,1181,no,no,cellular,28,jan,186,1,433,1,failure,yes
38,technician,single,secondary,no,0,no,no,cellular,22,aug,305,2,-1,0,unknown,no
30,admin.,divorced,secondary,no,83,yes,yes,unknown,6,may,310,1,-1,0,unknown,no
22,services,single,secondary,no,129,no,no,cellular,15,apr,218,2,181,1,success,yes
39,management,married,tertiary,no,285,yes,no,cellular,15,jul,838,3,-1,0,unknown,yes
43,blue-collar,married,secondary,no,-312,yes,no,unknown,20,jun,26,11,-1,0,unknown,no
47,unknown,married,unknown,no,194,no,no,cellular,4,aug,108,1,-1,0,unknown,no
37,technician,married,secondary,no,28,no,no,cellular,21,aug,101,2,-1,0,unknown,no
44,blue-collar,divorced,primary,no,-57,yes,no,cellular,7,may,234,1,356,2,failure,no
34,housemaid,married,tertiary,no,1265,yes,no,unknown,6,jun,397,3,-1,0,unknown,no
53,unemployed,married,primary,no,980,yes,no,cellular,3,dec,352,1,-1,0,unknown,yes
39,management,divorced,tertiary,no,4692,yes,no,telephone,19,nov,214,2,174,2,success,no
34,entrepreneur,married,tertiary,no,121,yes,no,telephone,18,may,57,6,-1,0,unknown,no
56,management,married,tertiary,no,616,no,no,cellular,6,feb,156,1,-1,0,unknown,yes
31,technician,married,tertiary,no,11,no,no,cellular,27,aug,651,2,-1,0,unknown,no
38,technician,single,secondary,no,1019,yes,no,cellular,6,may,249,1,-1,0,unknown,no
36,management,single,tertiary,no,2032,no,yes,cellular,20,nov,736,1,-1,0,unknown,yes
34,blue-collar,single,primary,no,-109,yes,no,cellular,15,jul,860,4,-1,0,unknown,yes
53,entrepreneur,married,primary,no,694,yes,no,unknown,14,may,157,1,-1,0,unknown,no
45,admin.,married,secondary,no,967,no,no,unknown,9,jun,63,1,-1,0,unknown,no
60,retired,divorced,secondary,no,4243,no,no,cellular,30,oct,416,2,-1,0,unknown,yes
37,admin.,married,secondary,no,68,yes,yes,cellular,13,may,151,2,351,1,failure,no
48,management,married,tertiary,no,291,yes,no,telephone,23,jul,350,2,-1,0,unknown,no
61,retired,married,primary,no,0,yes,yes,telephone,18,aug,280,13,-1,0,unknown,no
41,unknown,single,tertiary,no,1567,no,no,cellular,1,jul,291,2,-1,0,unknown,no
34,blue-collar,married,primary,no,5299,yes,no,unknown,26,jun,75,5,-1,0,unknown,no
33,management,single,tertiary,no,1859,yes,no,cellular,30,jan,1169,4,-1,0,unknown,no
27,admin.,single,secondary,no,276,yes,no,unknown,19,may,311,2,-1,0,unknown,no
35,technician,married,secondary,no,840,yes,no,cellular,29,jul,281,4,-1,0,unknown,no
42,admin.,married,secondary,no,329,no,no,cellular,19,aug,347,3,-1,0,unknown,no
60,retired,divorced,secondary,no,1,no,no,cellular,19,feb,302,1,184,1,success,yes
48,technician,married,secondary,no,606,yes,no,cellular,19,aug,231,4,-1,0,unknown,no
51,admin.,married,secondary,no,3025,no,no,cellular,7,may,476,1,352,1,other,yes
29,services,single,secondary,no,197,yes,no,cellular,5,may,19,2,-1,0,unknown,no
30,technician,single,tertiary,no,655,no,no,cellular,6,oct,384,2,-1,0,unknown,yes
74,retired,divorced,primary,no,29080,no,no,cellular,30,jun,301,5,93,4,other,yes
18,student,single,primary,no,608,no,no,cellular,13,nov,210,1,93,1,success,yes
55,blue-collar,married,unknown,no,7561,no,no,unknown,6,jun,685,3,-1,0,unknown,yes
55,retired,married,secondary,no,493,yes,no,unknown,13,may,647,7,-1,0,unknown,no
29,technician,single,tertiary,no,2325,no,no,cellular,2,feb,125,1,-1,0,unknown,yes
29,management,single,tertiary,no,572,no,no,cellular,16,dec,314,1,195,1,success,yes
79,retired,married,secondary,no,668,no,no,telephone,2,jul,363,1,-1,0,unknown,yes
38,unemployed,married,primary,no,7005,yes,no,cellular,25,jan,696,1,202,2,success,yes
43,blue-collar,married,primary,no,232,no,yes,cellular,15,may,45,1,-1,0,unknown,no
43,services,married,secondary,no,2145,no,no,cellular,25,aug,291,2,95,4,success,yes
35,technician,married,secondary,no,0,yes,no,cellular,19,nov,644,4,-1,0,unknown,yes
40,technician,divorced,secondary,no,0,no,no,cellular,29,aug,299,3,-1,0,unknown,no
67,retired,divorced,primary,no,2027,no,no,cellular,15,mar,161,2,-1,0,unknown,yes
45,management,married,unknown,no,9051,yes,no,unknown,19,may,124,63,-1,0,unknown,no
68,retired,married,tertiary,no,2812,no,no,cellular,3,aug,392,4,181,3,success,yes
44,technician,married,secondary,no,945,yes,no,cellular,4,aug,190,1,-1,0,unknown,no
27,technician,single,tertiary,no,3706,yes,no,unknown,16,may,897,1,-1,0,unknown,yes
56,services,divorced,secondary,no,191,no,no,cellular,23,jul,335,3,-1,0,unknown,no
25,services,single,secondary,no,382,yes,no,unknown,13,may,392,1,-1,0,unknown,no
36,management,married,tertiary,no,535,no,no,cellular,20,apr,150,2,-1,0,unknown,yes
32,management,single,tertiary,no,506,no,no,cellular,5,mar,63,2,-1,0,unknown,yes
27,technician,single,secondary,no,0,no,no,cellular,6,feb,161,1,-1,0,unknown,no
36,management,married,tertiary,no,0,no,no,telephone,27,aug,645,9,-1,0,unknown,yes
53,unknown,married,unknown,no,549,no,no,telephone,28,jan,74,2,-1,0,unknown,no
37,entrepreneur,married,tertiary,no,4798,yes,no,unknown,20,may,156,2,-1,0,unknown,no
33,management,married,tertiary,no,296,no,no,cellular,16,jul,90,2,-1,0,unknown,no
36,self-employed,married,secondary,no,188,yes,yes,cellular,4,may,1046,3,333,2,success,yes
21,student,single,secondary,no,357,no,no,cellular,2,sep,115,3,-1,0,unknown,no
43,management,single,tertiary,no,1304,no,no,cellular,6,aug,501,2,-1,0,unknown,yes
39,management,married,secondary,no,0,yes,no,cellular,24,jul,21,21,-1,0,unknown,no
44,management,married,tertiary,no,2383,no,no,cellular,1,jul,571,2,-1,0,unknown,yes
66,retired,married,secondary,no,3473,no,no,cellular,14,apr,441,2,-1,0,unknown,no
55,management,divorced,tertiary,no,0,no,no,cellular,22,oct,360,5,-1,0,unknown,yes
31,blue-collar,married,primary,no,55,yes,yes,cellular,17,apr,340,2,-1,0,unknown,no
47,admin.,married,secondary,no,2601,no,no,cellular,24,sep,261,1,-1,0,unknown,yes
40,retired,single,secondary,no,1734,yes,no,unknown,3,jun,123,4,-1,0,unknown,no
59,management,married,tertiary,no,296,no,yes,cellular,15,jul,805,3,-1,0,unknown,yes
34,services,married,secondary,no,-451,yes,yes,cellular,23,jul,498,1,-1,0,unknown,no
36,services,married,secondary,no,52,yes,no,cellular,7,sep,351,1,95,6,success,yes
46,management,divorced,tertiary,no,14481,yes,no,unknown,30,may,1269,1,-1,0,unknown,yes
47,technician,married,tertiary,no,2155,no,no,unknown,20,jun,178,3,-1,0,unknown,no
48,technician,divorced,tertiary,no,83,no,yes,cellular,19,aug,243,6,-1,0,unknown,no
59,technician,married,secondary,no,1,no,no,cellular,14,oct,585,1,182,5,success,yes
32,blue-collar,married,primary,no,-6,yes,no,cellular,6,may,169,2,-1,0,unknown,no
35,management,single,tertiary,no,2646,no,no,cellular,14,apr,133,8,183,2,success,yes
27,management,single,tertiary,no,390,no,no,cellular,9,feb,120,2,104,2,failure,yes
52,technician,divorced,secondary,no,204,no,no,cellular,7,aug,134,2,-1,0,unknown,no
52,self-employed,single,primary,no,217,no,yes,cellular,15,jul,193,6,-1,0,unknown,no
38,entrepreneur,married,secondary,no,-272,no,yes,unknown,17,jun,143,2,-1,0,unknown,no
57,blue-collar,married,primary,no,3109,no,no,cellular,2,jun,482,2,-1,0,unknown,yes
46,blue-collar,single,tertiary,no,460,yes,no,unknown,7,may,1102,2,-1,0,unknown,yes
29,services,single,secondary,no,695,no,no,unknown,3,jul,97,1,-1,0,unknown,no
52,housemaid,married,primary,no,135,no,no,cellular,8,aug,172,9,-1,0,unknown,no
36,technician,married,tertiary,no,341,no,no,cellular,13,aug,282,1,-1,0,unknown,yes
50,entrepreneur,married,primary,no,237,yes,yes,unknown,30,may,184,4,-1,0,unknown,no
50,services,married,secondary,no,1134,no,no,unknown,18,jun,53,2,-1,0,unknown,no
51,blue-collar,married,primary,no,42,yes,no,cellular,12,may,51,2,342,3,failure,no
34,technician,divorced,secondary,no,259,no,no,cellular,11,aug,316,2,-1,0,unknown,no
71,retired,married,secondary,no,2850,no,no,cellular,17,feb,185,1,-1,0,unknown,yes
28,blue-collar,single,secondary,no,3430,yes,no,unknown,6,jun,72,6,-1,0,unknown,no
34,management,married,tertiary,no,828,no,yes,cellular,11,aug,1080,3,-1,0,unknown,yes
35,student,married,tertiary,no,387,yes,no,cellular,8,may,1024,3,347,3,failure,yes
32,management,single,tertiary,no,935,no,no,cellular,9,nov,165,1,91,7,success,yes
39,management,single,tertiary,no,0,yes,no,cellular,18,feb,224,3,-1,0,unknown,yes
27,blue-collar,single,secondary,no,23,no,no,cellular,26,feb,590,2,-1,0,unknown,no
34,blue-collar,married,secondary,no,-58,yes,yes,unknown,28,may,157,2,-1,0,unknown,no
34,technician,married,secondary,no,563,yes,yes,cellular,29,aug,32,15,-1,0,unknown,no
35,technician,single,secondary,no,16,yes,no,cellular,8,apr,903,1,-1,0,unknown,yes
42,admin.,married,primary,no,1547,yes,yes,unknown,27,may,272,3,-1,0,unknown,no
75,retired,married,primary,no,358,no,no,cellular,17,feb,364,11,-1,0,unknown,yes
30,services,single,secondary,no,0,yes,no,cellular,7,jul,161,2,-1,0,unknown,no
48,technician,married,primary,no,788,no,no,telephone,9,jul,36,2,-1,0,unknown,no
66,retired,married,secondary,no,2048,no,no,cellular,27,aug,212,1,-1,0,unknown,yes
44,blue-collar,married,primary,no,2791,no,no,unknown,18,jun,335,1,-1,0,unknown,no
52,housemaid,married,secondary,no,3923,yes,no,unknown,14,may,942,3,-1,0,unknown,yes
37,blue-collar,single,unknown,no,217,no,no,cellular,23,sep,272,2,-1,0,unknown,yes
42,blue-collar,married,primary,no,-181,yes,no,unknown,15,may,297,3,-1,0,unknown,no
33,technician,single,tertiary,no,1636,yes,no,cellular,4,may,592,1,66,1,success,yes
61,technician,married,secondary,no,1191,no,no,cellular,21,may,214,4,-1,0,unknown,yes
34,blue-collar,married,primary,no,455,yes,no,unknown,20,jun,372,3,-1,0,unknown,no
23,management,single,tertiary,no,1807,no,no,cellular,27,jul,606,1,-1,0,unknown,yes
27,services,single,secondary,no,453,no,no,cellular,19,apr,142,2,-1,0,unknown,yes
34,management,married,tertiary,no,3696,no,no,cellular,8,apr,758,2,160,5,other,yes
24,blue-collar,single,primary,no,1033,yes,no,cellular,24,nov,283,1,-1,0,unknown,no
40,housemaid,divorced,secondary,no,4328,no,no,cellular,20,aug,133,2,-1,0,unknown,no
64,management,married,tertiary,no,5112,no,no,telephone,19,oct,898,7,137,11,other,yes
34,admin.,married,tertiary,no,0,no,no,cellular,28,jan,155,2,-1,0,unknown,yes
28,admin.,divorced,secondary,no,451,yes,no,cellular,13,may,302,1,301,1,success,yes
45,services,divorced,secondary,no,396,yes,yes,cellular,1,apr,251,4,329,4,failure,no
38,entrepreneur,married,tertiary,no,4,yes,no,cellular,16,jul,158,1,-1,0,unknown,no
45,management,married,tertiary,no,3643,no,no,cellular,21,nov,162,1,-1,0,unknown,no
55,technician,married,tertiary,no,1320,no,no,cellular,28,apr,387,2,-1,0,unknown,yes
48,blue-collar,married,primary,no,559,yes,no,unknown,15,may,1231,2,-1,0,unknown,no
34,admin.,divorced,secondary,no,140,yes,no,cellular,8,may,81,2,365,1,failure,no
41,management,single,tertiary,no,11008,no,no,unknown,18,jun,1540,1,-1,0,unknown,yes
56,blue-collar,married,primary,no,1137,no,no,telephone,2,jul,176,1,-1,0,unknown,yes
28,technician,single,secondary,no,909,no,yes,cellular,7,jul,532,1,-1,0,unknown,yes
28,technician,single,secondary,no,113,no,no,cellular,13,aug,204,3,105,1,failure,yes
54,retired,married,secondary,no,1371,no,no,telephone,25,jul,1492,2,-1,0,unknown,yes
65,retired,married,primary,no,308,no,no,cellular,1,sep,400,1,-1,0,unknown,yes
43,technician,married,secondary,no,-754,yes,yes,cellular,9,jul,727,3,-1,0,unknown,yes
25,management,single,tertiary,no,1317,no,no,cellular,26,may,176,1,-1,0,unknown,yes
34,blue-collar,married,secondary,no,405,yes,no,unknown,21,may,103,1,-1,0,unknown,no
29,admin.,single,secondary,no,1070,yes,no,unknown,19,may,30,1,357,1,other,yes
37,technician,married,secondary,no,1762,no,no,cellular,16,apr,334,2,-1,0,unknown,yes
43,management,married,tertiary,no,3518,no,no,cellular,15,jun,181,2,-1,0,unknown,yes
40,technician,married,tertiary,no,1063,yes,yes,cellular,19,aug,264,2,-1,0,unknown,no
21,student,single,unknown,no,1506,no,no,cellular,14,sep,340,1,-1,0,unknown,yes
60,retired,married,secondary,no,0,no,no,cellular,9,sep,408,1,-1,0,unknown,yes
56,blue-collar,married,primary,no,826,yes,no,cellular,21,jul,853,1,-1,0,unknown,no
30,services,single,secondary,no,-114,yes,no,cellular,21,jul,396,2,-1,0,unknown,no
59,retired,married,unknown,no,613,no,no,cellular,19,aug,75,2,-1,0,unknown,no
39,student,single,tertiary,no,2103,no,no,cellular,2,feb,588,1,-1,0,unknown,yes
37,services,married,secondary,no,4017,no,no,cellular,30,apr,665,2,196,1,success,yes
72,retired,married,secondary,no,5715,no,no,cellular,17,nov,1127,5,184,3,success,yes
42,management,married,tertiary,no,877,yes,no,unknown,14,may,238,1,-1,0,unknown,no
35,management,single,tertiary,no,0,no,yes,cellular,14,aug,370,4,-1,0,unknown,no
42,blue-collar,married,primary,no,250,yes,no,unknown,4,jun,46,16,-1,0,unknown,no
29,housemaid,single,tertiary,no,19,no,no,cellular,3,dec,274,1,230,1,success,yes
45,admin.,married,secondary,no,111,yes,no,cellular,11,aug,173,1,-1,0,unknown,no
59,technician,married,secondary,no,259,no,no,cellular,18,mar,224,1,-1,0,unknown,yes
33,unknown,married,secondary,no,335,no,no,cellular,4,feb,891,2,177,7,failure,yes
27,unknown,single,secondary,no,1187,no,no,telephone,26,feb,232,1,101,1,failure,yes
51,technician,married,secondary,no,216,no,no,cellular,7,jul,615,2,-1,0,unknown,yes
50,entrepreneur,married,secondary,no,2731,no,no,cellular,8,aug,111,2,-1,0,unknown,no
57,technician,married,secondary,no,29207,yes,no,telephone,21,nov,232,2,-1,0,unknown,no
53,housemaid,married,primary,no,1903,no,no,unknown,5,jun,827,1,-1,0,unknown,no
40,management,single,secondary,no,10378,yes,no,cellular,17,nov,523,3,-1,0,unknown,no
30,housemaid,single,tertiary,no,19,no,no,cellular,4,aug,139,1,92,5,success,yes
52,management,married,tertiary,no,40,no,no,cellular,19,nov,1265,3,-1,0,unknown,yes
42,blue-collar,married,secondary,no,1297,yes,no,cellular,3,apr,697,2,-1,0,unknown,no
55,retired,married,primary,no,3334,no,no,cellular,14,aug,632,4,-1,0,unknown,yes
37,management,married,tertiary,no,2951,no,no,cellular,21,nov,101,3,-1,0,unknown,no
34,blue-collar,married,secondary,yes,-745,yes,yes,cellular,11,jul,131,2,-1,0,unknown,no
45,technician,divorced,unknown,yes,-25,no,yes,unknown,3,jul,158,3,-1,0,unknown,no
47,blue-collar,married,secondary,no,2128,yes,no,telephone,17,apr,98,1,-1,0,unknown,no
47,technician,married,secondary,no,0,no,no,cellular,21,nov,591,1,10,1,failure,yes
31,management,married,tertiary,no,256,yes,no,cellular,7,jul,28,24,-1,0,unknown,no
47,technician,married,secondary,no,1219,no,no,cellular,18,aug,697,4,-1,0,unknown,yes
29,services,single,secondary,no,9,no,yes,cellular,8,jul,202,2,-1,0,unknown,no
50,technician,divorced,secondary,no,0,no,no,cellular,1,apr,280,1,184,3,success,yes
37,management,single,tertiary,no,876,yes,no,cellular,15,apr,140,4,327,2,failure,no
34,services,single,tertiary,no,371,no,no,unknown,20,may,77,1,-1,0,unknown,no
36,management,married,tertiary,no,3949,no,no,cellular,28,jan,130,2,-1,0,unknown,yes
28,blue-collar,single,secondary,no,38,yes,no,unknown,23,may,31,1,-1,0,unknown,no
35,admin.,married,secondary,no,0,no,no,cellular,7,jul,78,11,-1,0,unknown,no
33,blue-collar,married,secondary,no,0,yes,no,telephone,14,jul,305,3,-1,0,unknown,no
52,services,married,primary,no,1625,no,no,cellular,8,aug,459,2,-1,0,unknown,yes
34,management,married,tertiary,no,2374,yes,yes,cellular,18,jun,270,2,314,2,failure,yes
51,blue-collar,married,primary,no,21614,no,no,cellular,29,aug,47,20,-1,0,unknown,no
50,blue-collar,married,primary,no,0,no,no,unknown,9,jun,199,4,-1,0,unknown,no
32,management,single,tertiary,no,537,no,no,unknown,29,may,187,3,-1,0,unknown,no
60,self-employed,married,primary,no,46,yes,no,unknown,6,may,202,4,-1,0,unknown,no
61,housemaid,married,primary,no,2580,no,no,cellular,16,sep,270,3,202,7,other,yes
40,admin.,married,primary,no,189,yes,no,unknown,27,may,160,2,-1,0,unknown,no
33,services,single,tertiary,no,-452,no,no,cellular,29,jan,692,2,-1,0,unknown,yes
41,technician,single,tertiary,no,-89,yes,no,cellular,3,feb,195,4,251,4,failure,no
30,blue-collar,married,secondary,no,0,yes,no,unknown,26,may,30,1,-1,0,unknown,no
28,blue-collar,married,primary,no,278,yes,yes,telephone,15,may,31,9,373,4,other,no
33,services,married,secondary,no,114,no,yes,unknown,3,jul,676,1,-1,0,unknown,yes
45,blue-collar,married,primary,no,4696,no,no,unknown,17,jun,99,1,-1,0,unknown,no
46,services,married,secondary,no,375,no,no,telephone,31,jul,172,6,-1,0,unknown,no
37,services,divorced,secondary,no,319,yes,no,unknown,6,jun,467,3,-1,0,unknown,yes
61,management,married,tertiary,no,997,no,no,cellular,10,mar,106,1,-1,0,unknown,yes
30,services,single,primary,no,5746,yes,no,telephone,20,nov,125,2,-1,0,unknown,no
60,retired,divorced,tertiary,no,2,no,no,cellular,2,mar,228,4,390,2,other,yes
35,blue-collar,married,tertiary,no,2999,no,no,unknown,12,jun,1141,6,-1,0,unknown,yes
44,management,married,tertiary,no,1945,no,no,unknown,14,may,191,1,-1,0,unknown,no
49,services,divorced,secondary,no,933,no,yes,cellular,29,jul,92,33,-1,0,unknown,no
37,entrepreneur,divorced,secondary,no,175,yes,yes,unknown,13,may,753,6,-1,0,unknown,yes
28,student,single,secondary,no,205,no,no,cellular,14,jul,87,3,184,2,other,yes
48,management,married,tertiary,no,3842,no,no,cellular,1,oct,168,1,122,2,success,no
36,management,married,primary,no,1506,no,no,cellular,14,aug,326,3,-1,0,unknown,yes
67,retired,single,tertiary,no,2144,no,no,telephone,21,apr,847,2,-1,0,unknown,yes
30,services,single,primary,no,0,yes,yes,cellular,19,nov,686,1,-1,0,unknown,yes
59,retired,divorced,secondary,no,5845,no,no,cellular,14,may,1060,2,-1,0,unknown,yes
33,management,married,tertiary,no,0,yes,no,cellular,9,jul,310,1,-1,0,unknown,no
36,admin.,married,tertiary,no,211,yes,no,unknown,5,may,146,2,-1,0,unknown,no
27,management,single,tertiary,no,2489,no,no,cellular,15,jul,323,2,163,2,other,yes
36,admin.,single,secondary,no,449,yes,no,unknown,20,jun,136,3,-1,0,unknown,no
34,management,divorced,tertiary,no,2885,no,no,cellular,10,feb,314,2,156,4,other,yes
36,services,married,secondary,no,2984,yes,no,unknown,2,jun,394,1,-1,0,unknown,yes
58,admin.,single,secondary,no,247,no,yes,unknown,20,jun,66,6,-1,0,unknown,no
30,technician,divorced,secondary,no,3028,yes,no,cellular,28,aug,65,5,-1,0,unknown,no
23,technician,single,secondary,no,4,yes,no,cellular,8,may,763,1,-1,0,unknown,yes
57,housemaid,married,primary,no,0,no,no,cellular,13,aug,189,2,-1,0,unknown,no
54,management,married,tertiary,no,203,no,no,cellular,21,nov,70,1,-1,0,unknown,no
38,technician,single,secondary,no,1711,no,no,telephone,30,sep,234,1,-1,0,unknown,yes
35,blue-collar,single,secondary,no,3623,no,no,telephone,30,oct,160,1,-1,0,unknown,yes
57,technician,married,primary,no,3376,yes,no,telephone,2,jun,421,2,-1,0,unknown,yes
57,admin.,married,secondary,no,4391,no,no,telephone,4,feb,1416,1,-1,0,unknown,yes
24,technician,single,secondary,no,726,no,no,cellular,8,sep,445,2,-1,0,unknown,yes
26,blue-collar,single,secondary,no,184,no,no,cellular,3,feb,110,2,6,1,other,no
48,management,married,tertiary,no,2351,no,no,cellular,15,sep,150,1,105,3,success,yes
36,technician,single,secondary,no,144,no,no,cellular,26,may,87,1,308,2,failure,no
36,blue-collar,married,primary,no,378,yes,no,cellular,5,may,1240,1,-1,0,unknown,yes
47,management,married,secondary,no,1144,no,yes,cellular,29,jan,324,1,-1,0,unknown,no
31,admin.,married,secondary,no,307,yes,no,unknown,9,may,538,1,-1,0,unknown,yes
52,admin.,married,secondary,no,299,no,no,cellular,19,nov,310,4,-1,0,unknown,no
35,management,single,tertiary,no,916,yes,no,cellular,14,may,460,2,-1,0,unknown,yes
30,services,single,secondary,no,268,no,no,unknown,24,jul,86,1,-1,0,unknown,no
47,services,married,secondary,no,2070,yes,yes,unknown,26,may,136,1,-1,0,unknown,no
39,admin.,single,secondary,no,223,no,no,cellular,4,feb,277,1,-1,0,unknown,no
39,management,single,tertiary,no,0,yes,no,cellular,12,may,561,4,369,3,failure,no
43,technician,divorced,secondary,no,1612,no,no,cellular,25,may,262,2,353,1,other,yes
60,blue-collar,divorced,primary,no,92,yes,no,unknown,6,jun,70,3,-1,0,unknown,no
32,admin.,single,tertiary,no,8866,no,no,cellular,9,jun,234,2,83,2,success,yes
